1409705860,s1-eth1,0.00,0.00,0.00,0,0,0.00,0.00,0.00,0,0,0.00,0.00,0,0
1409705860,s1-eth2,0.00,0.00,0.00,0,0,0.00,0.00,0.00,0,0,0.00,0.00,0,0
1409705860,s2-eth1,0.00,0.00,0.00,0,0,0.00,0.00,0.00,0,0,0.00,0.00,0,0
1409705860,s2-eth2,0.00,0.00,0.00,0,0,0.00,0.00,0.00,0,0,0.00,0.00,0,0
1409705860,eth0,0.00,0.00,0.00,0,0,0.00,0.00,0.00,0,0,0.00,0.00,0,0
1409705860,lo,0.00,0.00,0.00,0,0,0.00,0.00,0.00,0,0,0.00,0.00,0,0
1409705860,total,0.00,0.00,0.00,0,0,0.00,0.00,0.00,0,0,0.00,0.00,0,0
1409705861,s1-eth1,2456830.00,54870.00,2511700.00,54870,2456830,1631.00,831.00,2462.00,831,1631,0.00,0.00,0,0
1409705861,s1-eth2,54870.00,2446232.00,2501102.00,2446232,54870,831.00,1624.00,2455.00,1624,831,0.00,0.00,0,0
1409705861,s2-eth1,2446232.00,54870.00,2501102.00,54870,2446232,1624.00,831.00,2455.00,831,1624,0.00,0.00,0,0
1409705861,s2-eth2,54870.00,2491652.00,2546522.00,2491652,54870,831.00,1654.00,2485.00,1654,831,0.00,0.00,0,0
1409705861,eth0,0.00,1920.00,1920.00,1920,0,0.00,32.00,32.00,32,0,0.00,0.00,0,0
1409705861,lo,1152.00,1152.00,2304.00,1152,1152,12.00,12.00,24.00,12,12,0.00,0.00,0,0
1409705861,total,5013954.00,5050696.00,10064650.00,5050696,5013954,4929.00,4984.00,9913.00,4984,4929,0.00,0.00,0,0
1409705862,s1-eth1,2933800.25,64747.25,2998547.50,64812,2936734,1945.05,981.02,2926.07,982,1947,0.00,0.00,0,0
1409705862,s1-eth2,63230.77,2938337.75,3001568.50,2941276,63294,958.04,1948.05,2906.09,1950,959,0.00,0.00,0,0
1409705862,s2-eth1,2938337.75,63230.77,3001568.50,63294,2941276,1948.05,958.04,2906.09,959,1950,0.00,0.00,0,0
1409705862,s2-eth2,63032.97,2877838.25,2940871.25,2880716,63096,955.04,1908.09,2863.14,1910,956,0.00,0.00,0,0
1409705862,eth0,0.00,183.82,183.82,184,0,0.00,2.00,2.00,2,0,0.00,0.00,0,0
1409705862,lo,0.00,0.00,0.00,0,0,0.00,0.00,0.00,0,0,0.00,0.00,0,0
1409705862,total,5998402.00,5944338.00,11942740.00,5950282,6004400,5806.19,5797.20,11603.40,5803,5812,0.00,0.00,0,0
1409705863,s1-eth1,3398606.00,74844.00,3473450.00,74844,3398606,2251.00,1134.00,3385.00,1134,2251,0.00,0.00,0,0
1409705863,s1-eth2,74976.00,3341074.00,3416050.00,3341074,74976,1136.00,2213.00,3349.00,2213,1136,0.00,0.00,0,0
1409705863,s2-eth1,3341074.00,74976.00,3416050.00,74976,3341074,2213.00,1136.00,3349.00,1136,2213,0.00,0.00,0,0
1409705863,s2-eth2,74118.00,3341074.00,3415192.00,3341074,74118,1123.00,2213.00,3336.00,2213,1123,0.00,0.00,0,0
1409705863,eth0,0.00,92.00,92.00,92,0,0.00,1.00,1.00,1,0,0.00,0.00,0,0
1409705863,lo,0.00,0.00,0.00,0,0,0.00,0.00,0.00,0,0,0.00,0.00,0,0
1409705863,total,6888774.00,6832060.00,13720834.00,6832060,6888774,6723.00,6697.00,13420.00,6697,6723,0.00,0.00,0,0
1409705864,s1-eth1,3832564.00,85804.00,3918368.00,85804,3832564,2540.00,1300.00,3840.00,1300,2540,0.00,0.00,0,0
1409705864,s1-eth2,86662.00,3873442.00,3960104.00,3873442,86662,1313.00,2567.00,3880.00,2567,1313,0.00,0.00,0,0
1409705864,s2-eth1,3873442.00,86662.00,3960104.00,86662,3873442,2567.00,1313.00,3880.00,1313,2567,0.00,0.00,0,0
1409705864,s2-eth2,86398.00,3937030.00,4023428.00,3937030,86398,1309.00,2609.00,3918.00,2609,1309,0.00,0.00,0,0
1409705864,eth0,0.00,0.00,0.00,0,0,0.00,0.00,0.00,0,0,0.00,0.00,0,0
1409705864,lo,1072.00,1072.00,2144.00,1072,1072,12.00,12.00,24.00,12,12,0.00,0.00,0,0
1409705864,total,7880138.00,7984010.00,15864148.00,7984010,7880138,7741.00,7801.00,15542.00,7801,7741,0.00,0.00,0,0
1409705865,s1-eth1,4476798.00,98472.00,4575270.00,98472,4476798,2963.00,1492.00,4455.00,1492,2963,0.00,0.00,0,0
1409705865,s1-eth2,97614.00,4499508.00,4597122.00,4499508,97614,1479.00,2978.00,4457.00,2978,1479,0.00,0.00,0,0
1409705865,s2-eth1,4499508.00,97614.00,4597122.00,97614,4499508,2978.00,1479.00,4457.00,1479,2978,0.00,0.00,0,0
1409705865,s2-eth2,98934.00,4499508.00,4598442.00,4499508,98934,1499.00,2978.00,4477.00,2978,1499,0.00,0.00,0,0
1409705865,eth0,0.00,0.00,0.00,0,0,0.00,0.00,0.00,0,0,0.00,0.00,0,0
1409705865,lo,0.00,0.00,0.00,0,0,0.00,0.00,0.00,0,0,0.00,0.00,0,0
1409705865,total,9172854.00,9195102.00,18367956.00,9195102,9172854,8919.00,8927.00,17846.00,8927,8919,0.00,0.00,0,0
1409705866,s1-eth1,5092986.00,111804.00,5204790.00,111804,5092986,3369.00,1694.00,5063.00,1694,3369,0.00,0.00,0,0
1409705866,s1-eth2,111804.00,5085416.00,5197220.00,5085416,111804,1694.00,3364.00,5058.00,3364,1694,0.00,0.00,0,0
1409705866,s2-eth1,5085416.00,111804.00,5197220.00,111804,5085416,3364.00,1694.00,5058.00,1694,3364,0.00,0.00,0,0
1409705866,s2-eth2,110418.00,5043024.00,5153442.00,5043024,110418,1673.00,3336.00,5009.00,3336,1673,0.00,0.00,0,0
1409705866,eth0,0.00,0.00,0.00,0,0,0.00,0.00,0.00,0,0,0.00,0.00,0,0
1409705866,lo,0.00,0.00,0.00,0,0,0.00,0.00,0.00,0,0,0.00,0.00,0,0
1409705866,total,10400624.00,10352048.00,20752672.00,10352048,10400624,10100.00,10088.00,20188.00,10088,10100,0.00,0.00,0,0
1409705867,s1-eth1,5752760.00,128106.00,5880866.00,128106,5752760,3808.00,1941.00,5749.00,1941,3808,0.00,0.00,0,0
1409705867,s1-eth2,128106.00,5760330.00,5888436.00,5760330,128106,1941.00,3813.00,5754.00,3813,1941,0.00,0.00,0,0
1409705867,s2-eth1,5760330.00,128106.00,5888436.00,128106,5760330,3813.00,1941.00,5754.00,1941,3813,0.00,0.00,0,0
1409705867,s2-eth2,128106.00,5802722.00,5930828.00,5802722,128106,1941.00,3841.00,5782.00,3841,1941,0.00,0.00,0,0
1409705867,eth0,0.00,0.00,0.00,0,0,0.00,0.00,0.00,0,0,0.00,0.00,0,0
1409705867,lo,0.00,0.00,0.00,0,0,0.00,0.00,0.00,0,0,0.00,0.00,0,0
1409705867,total,11769302.00,11819264.00,23588566.00,11819264,11769302,11503.00,11536.00,23039.00,11536,11503,0.00,0.00,0,0
1409705868,s1-eth1,6244814.00,137614.00,6382428.00,137614,6244814,4133.00,2085.00,6218.00,2085,4133,0.00,0.00,0,0
1409705868,s1-eth2,137614.00,6244814.00,6382428.00,6244814,137614,2085.00,4133.00,6218.00,4133,2085,0.00,0.00,0,0
1409705868,s2-eth1,6244814.00,137614.00,6382428.00,137614,6244814,4133.00,2085.00,6218.00,2085,4133,0.00,0.00,0,0
1409705868,s2-eth2,137680.00,6243478.00,6381158.00,6243478,137680,2086.00,4133.00,6219.00,4133,2086,0.00,0.00,0,0
1409705868,eth0,0.00,60.00,60.00,60,0,0.00,1.00,1.00,1,0,0.00,0.00,0,0
1409705868,lo,1072.00,1072.00,2144.00,1072,1072,12.00,12.00,24.00,12,12,0.00,0.00,0,0
1409705868,total,12765994.00,12764652.00,25530646.00,12764652,12765994,12449.00,12449.00,24898.00,12449,12449,0.00,0.00,0,0
1409705869,s1-eth1,6252532.00,137082.00,6389614.00,137082,6252532,4134.00,2077.00,6211.00,2077,4134,0.00,0.00,0,0
1409705869,s1-eth2,137148.00,6251018.00,6388166.00,6251018,137148,2078.00,4133.00,6211.00,4133,2078,0.00,0.00,0,0
1409705869,s2-eth1,6251018.00,137148.00,6388166.00,137148,6251018,4133.00,2078.00,6211.00,2078,4133,0.00,0.00,0,0
1409705869,s2-eth2,137082.00,6252354.00,6389436.00,6252354,137082,2077.00,4133.00,6210.00,4133,2077,0.00,0.00,0,0
1409705869,eth0,0.00,184.00,184.00,184,0,0.00,2.00,2.00,2,0,0.00,0.00,0,0
1409705869,lo,0.00,0.00,0.00,0,0,0.00,0.00,0.00,0,0,0.00,0.00,0,0
1409705869,total,12777780.00,12777786.00,25555566.00,12777786,12777780,12422.00,12423.00,24845.00,12423,12422,0.00,0.00,0,0
1409705870,s1-eth1,6248652.00,136488.00,6385140.00,136488,6248652,4130.00,2068.00,6198.00,2068,4130,0.00,0.00,0,0
1409705870,s1-eth2,136422.00,6249582.00,6386004.00,6249582,136422,2067.00,4131.00,6198.00,4131,2067,0.00,0.00,0,0
1409705870,s2-eth1,6249582.00,136422.00,6386004.00,136422,6249582,4131.00,2067.00,6198.00,2067,4131,0.00,0.00,0,0
1409705870,s2-eth2,136422.00,6251096.00,6387518.00,6251096,136422,2067.00,4132.00,6199.00,4132,2067,0.00,0.00,0,0
1409705870,eth0,0.00,92.00,92.00,92,0,0.00,1.00,1.00,1,0,0.00,0.00,0,0
1409705870,lo,0.00,0.00,0.00,0,0,0.00,0.00,0.00,0,0,0.00,0.00,0,0
1409705870,total,12771078.00,12773680.00,25544758.00,12773680,12771078,12395.00,12399.00,24794.00,12399,12395,0.00,0.00,0,0
1409705871,s1-eth1,6212046.00,135630.00,6347676.00,135630,6212046,4107.00,2055.00,6162.00,2055,4107,0.00,0.00,0,0
1409705871,s1-eth2,135564.00,6214144.00,6349708.00,6214144,135564,2054.00,4108.00,6162.00,4108,2054,0.00,0.00,0,0
1409705871,s2-eth1,6214144.00,135564.00,6349708.00,135564,6214144,4108.00,2054.00,6162.00,2054,4108,0.00,0.00,0,0
1409705871,s2-eth2,135894.00,6212630.00,6348524.00,6212630,135894,2059.00,4107.00,6166.00,4107,2059,0.00,0.00,0,0
1409705871,eth0,0.00,1920.00,1920.00,1920,0,0.00,32.00,32.00,32,0,0.00,0.00,0,0
1409705871,lo,0.00,0.00,0.00,0,0,0.00,0.00,0.00,0,0,0.00,0.00,0,0
1409705871,total,12697648.00,12699888.00,25397536.00,12699888,12697648,12328.00,12356.00,24684.00,12356,12328,0.00,0.00,0,0
1409705872,s1-eth1,6251532.00,136686.00,6388218.00,136686,6251532,4134.00,2071.00,6205.00,2071,4134,0.00,0.00,0,0
1409705872,s1-eth2,136752.00,6253046.00,6389798.00,6253046,136752,2072.00,4135.00,6207.00,4135,2072,0.00,0.00,0,0
1409705872,s2-eth1,6253046.00,136752.00,6389798.00,136752,6253046,4135.00,2072.00,6207.00,2072,4135,0.00,0.00,0,0
1409705872,s2-eth2,136422.00,6253046.00,6389468.00,6253046,136422,2067.00,4135.00,6202.00,4135,2067,0.00,0.00,0,0
1409705872,eth0,0.00,0.00,0.00,0,0,0.00,0.00,0.00,0,0,0.00,0.00,0,0
1409705872,lo,344.00,344.00,688.00,344,344,6.00,6.00,12.00,6,6,0.00,0.00,0,0
1409705872,total,12778096.00,12779874.00,25557970.00,12779874,12778096,12414.00,12419.00,24833.00,12419,12414,0.00,0.00,0,0
1409705873,s1-eth1,6186196.00,135564.00,6321760.00,135564,6186196,4090.00,2054.00,6144.00,2054,4090,0.00,0.00,0,0
1409705873,s1-eth2,135630.00,6184682.00,6320312.00,6184682,135630,2055.00,4089.00,6144.00,4089,2055,0.00,0.00,0,0
1409705873,s2-eth1,6184682.00,135630.00,6320312.00,135630,6184682,4089.00,2055.00,6144.00,2055,4089,0.00,0.00,0,0
1409705873,s2-eth2,135630.00,6189224.00,6324854.00,6189224,135630,2055.00,4092.00,6147.00,4092,2055,0.00,0.00,0,0
1409705873,eth0,0.00,0.00,0.00,0,0,0.00,0.00,0.00,0,0,0.00,0.00,0,0
1409705873,lo,0.00,0.00,0.00,0,0,0.00,0.00,0.00,0,0,0.00,0.00,0,0
1409705873,total,12642138.00,12645100.00,25287238.00,12645100,12642138,12289.00,12290.00,24579.00,12290,12289,0.00,0.00,0,0
1409705874,s1-eth1,6227404.00,135762.00,6363166.00,135762,6227404,4114.00,2057.00,6171.00,2057,4114,0.00,0.00,0,0
1409705874,s1-eth2,135762.00,6230432.00,6366194.00,6230432,135762,2057.00,4116.00,6173.00,4116,2057,0.00,0.00,0,0
1409705874,s2-eth1,6230432.00,135762.00,6366194.00,135762,6230432,4116.00,2057.00,6173.00,2057,4116,0.00,0.00,0,0
1409705874,s2-eth2,135762.00,6230432.00,6366194.00,6230432,135762,2057.00,4116.00,6173.00,4116,2057,0.00,0.00,0,0
1409705874,eth0,0.00,0.00,0.00,0,0,0.00,0.00,0.00,0,0,0.00,0.00,0,0
1409705874,lo,0.00,0.00,0.00,0,0,0.00,0.00,0.00,0,0,0.00,0.00,0,0
1409705874,total,12729360.00,12732388.00,25461748.00,12732388,12729360,12344.00,12346.00,24690.00,12346,12344,0.00,0.00,0,0
1409705875,s1-eth1,6241036.00,136290.00,6377326.00,136290,6241036,4126.00,2065.00,6191.00,2065,4126,0.00,0.00,0,0
1409705875,s1-eth2,136224.00,6243536.00,6379760.00,6243536,136224,2064.00,4128.00,6192.00,4128,2064,0.00,0.00,0,0
1409705875,s2-eth1,6243536.00,136224.00,6379760.00,136224,6243536,4128.00,2064.00,6192.00,2064,4128,0.00,0.00,0,0
1409705875,s2-eth2,136290.00,6240508.00,6376798.00,6240508,136290,2065.00,4126.00,6191.00,4126,2065,0.00,0.00,0,0
1409705875,eth0,0.00,0.00,0.00,0,0,0.00,0.00,0.00,0,0,0.00,0.00,0,0
1409705875,lo,0.00,0.00,0.00,0,0,0.00,0.00,0.00,0,0,0.00,0.00,0,0
1409705875,total,12757086.00,12756558.00,25513644.00,12756558,12757086,12383.00,12383.00,24766.00,12383,12383,0.00,0.00,0,0
1409705876,s1-eth1,6017548.00,131406.00,6148954.00,131406,6017548,3978.00,1991.00,5969.00,1991,3978,0.00,0.00,0,0
1409705876,s1-eth2,131406.00,6016562.00,6147968.00,6016562,131406,1991.00,3977.00,5968.00,3977,1991,0.00,0.00,0,0
1409705876,s2-eth1,6016562.00,131406.00,6147968.00,131406,6016562,3977.00,1991.00,5968.00,1991,3977,0.00,0.00,0,0
1409705876,s2-eth2,131406.00,6019590.00,6150996.00,6019590,131406,1991.00,3979.00,5970.00,3979,1991,0.00,0.00,0,0
1409705876,eth0,0.00,0.00,0.00,0,0,0.00,0.00,0.00,0,0,0.00,0.00,0,0
1409705876,lo,0.00,0.00,0.00,0,0,0.00,0.00,0.00,0,0,0.00,0.00,0,0
1409705876,total,12296922.00,12298964.00,24595886.00,12298964,12296922,11937.00,11938.00,23875.00,11938,11937,0.00,0.00,0,0
1409705877,s1-eth1,5785626.00,126258.00,5911884.00,126258,5785626,3825.00,1913.00,5738.00,1913,3825,0.00,0.00,0,0
1409705877,s1-eth2,126258.00,5788070.00,5914328.00,5788070,126258,1913.00,3827.00,5740.00,3827,1913,0.00,0.00,0,0
1409705877,s2-eth1,5788070.00,126258.00,5914328.00,126258,5788070,3827.00,1913.00,5740.00,1913,3827,0.00,0.00,0,0
1409705877,s2-eth2,126192.00,5797154.00,5923346.00,5797154,126192,1912.00,3833.00,5745.00,3833,1912,0.00,0.00,0,0
1409705877,eth0,0.00,0.00,0.00,0,0,0.00,0.00,0.00,0,0,0.00,0.00,0,0
1409705877,lo,344.00,344.00,688.00,344,344,6.00,6.00,12.00,6,6,0.00,0.00,0,0
1409705877,total,11826490.00,11838084.00,23664574.00,11838084,11826490,11483.00,11492.00,22975.00,11492,11483,0.00,0.00,0,0
1409705878,s1-eth1,6239410.00,136290.00,6375700.00,136290,6239410,4125.00,2065.00,6190.00,2065,4125,0.00,0.00,0,0
1409705878,s1-eth2,136290.00,6239994.00,6376284.00,6239994,136290,2065.00,4125.00,6190.00,4125,2065,0.00,0.00,0,0
1409705878,s2-eth1,6239994.00,136290.00,6376284.00,136290,6239994,4125.00,2065.00,6190.00,2065,4125,0.00,0.00,0,0
1409705878,s2-eth2,136290.00,6241508.00,6377798.00,6241508,136290,2065.00,4126.00,6191.00,4126,2065,0.00,0.00,0,0
1409705878,eth0,0.00,0.00,0.00,0,0,0.00,0.00,0.00,0,0,0.00,0.00,0,0
1409705878,lo,0.00,0.00,0.00,0,0,0.00,0.00,0.00,0,0,0.00,0.00,0,0
1409705878,total,12751984.00,12754082.00,25506066.00,12754082,12751984,12380.00,12381.00,24761.00,12381,12380,0.00,0.00,0,0
1409705879,s1-eth1,6005852.00,131208.00,6137060.00,131208,6005852,3970.00,1988.00,5958.00,1988,3970,0.00,0.00,0,0
1409705879,s1-eth2,131142.00,6005852.00,6136994.00,6005852,131142,1987.00,3970.00,5957.00,3970,1987,0.00,0.00,0,0
1409705879,s2-eth1,6005852.00,131142.00,6136994.00,131142,6005852,3970.00,1987.00,5957.00,1987,3970,0.00,0.00,0,0
1409705879,s2-eth2,131142.00,6018950.00,6150092.00,6018950,131142,1987.00,3979.00,5966.00,3979,1987,0.00,0.00,0,0
1409705879,eth0,0.00,0.00,0.00,0,0,0.00,0.00,0.00,0,0,0.00,0.00,0,0
1409705879,lo,0.00,0.00,0.00,0,0,0.00,0.00,0.00,0,0,0.00,0.00,0,0
1409705879,total,12273988.00,12287152.00,24561140.00,12287152,12273988,11914.00,11924.00,23838.00,11924,11914,0.00,0.00,0,0
1409705880,s1-eth1,5964502.00,125268.00,6089770.00,125268,5964502,3943.00,1898.00,5841.00,1898,3943,0.00,0.00,0,0
1409705880,s1-eth2,125334.00,5958446.00,6083780.00,5958446,125334,1899.00,3939.00,5838.00,3939,1899,0.00,0.00,0,0
1409705880,s2-eth1,5958446.00,125334.00,6083780.00,125334,5958446,3939.00,1899.00,5838.00,1899,3939,0.00,0.00,0,0
1409705880,s2-eth2,125136.00,5940806.00,6065942.00,5940806,125136,1896.00,3927.00,5823.00,3927,1896,0.00,0.00,0,0
1409705880,eth0,0.00,300.00,300.00,300,0,0.00,5.00,5.00,5,0,0.00,0.00,0,0
1409705880,lo,0.00,0.00,0.00,0,0,0.00,0.00,0.00,0,0,0.00,0.00,0,0
1409705880,total,12173418.00,12150154.00,24323572.00,12150154,12173418,11677.00,11668.00,23345.00,11668,11677,0.00,0.00,0,0
1409705881,s1-eth1,5556431.50,114916.17,5671347.50,115146,5567544,3672.65,1741.52,5414.17,1745,3680,0.00,0.00,0,0
1409705881,s1-eth2,114916.17,5560964.00,5675880.50,5572086,115146,1741.52,3675.65,5417.17,3683,1745,0.00,0.00,0,0
1409705881,s2-eth1,5560964.00,114916.17,5675880.50,115146,5572086,3675.65,1741.52,5417.17,1745,3683,0.00,0.00,0,0
1409705881,s2-eth2,115047.91,5557942.50,5672990.00,5569058,115278,1743.51,3673.65,5417.17,3681,1747,0.00,0.00,0,0
1409705881,eth0,0.00,1916.17,1916.17,1920,0,0.00,31.94,31.94,32,0,0.00,0.00,0,0
1409705881,lo,590.82,590.82,1181.64,592,592,5.99,5.99,11.98,6,6,0.00,0.00,0,0
1409705881,total,11291605.00,11294884.00,22586488.00,11373948,11370646,10785.50,10816.29,21601.79,10892,10861,0.00,0.00,0,0
1409705882,s1-eth1,5701488.50,122515.36,5824004.00,123618,5752802,3767.10,1856.29,5623.39,1873,3801,0.00,0.00,0,0
1409705882,s1-eth2,122384.54,5702989.00,5825373.50,5754316,123486,1854.31,3768.09,5622.40,3802,1871,0.00,0.00,0,0
1409705882,s2-eth1,5702989.00,122384.54,5825373.50,123486,5754316,3768.09,1854.31,5622.40,1871,3802,0.00,0.00,0,0
1409705882,s2-eth2,122449.95,5701076.50,5823526.50,5752386,123552,1855.30,3767.10,5622.40,3801,1872,0.00,0.00,0,0
1409705882,eth0,0.00,178.39,178.39,180,0,0.00,2.97,2.97,3,0,0.00,0.00,0,0
1409705882,lo,0.00,0.00,0.00,0,0,0.00,0.00,0.00,0,0,0.00,0.00,0,0
1409705882,total,11707327.00,11707158.00,23414484.00,11753986,11754156,11300.80,11304.78,22605.58,11350,11346,0.00,0.00,0,0
1409705883,s1-eth1,5563271.50,115071.86,5678343.50,115302,5574398,3675.65,1743.51,5419.16,1747,3683,0.00,0.00,0,0
1409705883,s1-eth2,115137.73,5525497.00,5640635.00,5536548,115368,1744.51,3650.70,5395.21,3658,1748,0.00,0.00,0,0
1409705883,s2-eth1,5525497.00,115137.73,5640635.00,115368,5536548,3650.70,1744.51,5395.21,1748,3658,0.00,0.00,0,0
1409705883,s2-eth2,115532.94,5485116.00,5600649.00,5496086,115764,1750.50,3623.75,5374.25,3631,1754,0.00,0.00,0,0
1409705883,eth0,0.00,0.00,0.00,0,0,0.00,0.00,0.00,0,0,0.00,0.00,0,0
1409705883,lo,0.00,0.00,0.00,0,0,0.00,0.00,0.00,0,0,0.00,0.00,0,0
1409705883,total,11319439.00,11240823.00,22560262.00,11263304,11342078,10821.36,10762.48,21583.83,10784,10843,0.00,0.00,0,0
1409705884,s1-eth1,5327766.00,115104.00,5442870.00,115104,5327766,3519.00,1744.00,5263.00,1744,3519,0.00,0.00,0,0
1409705884,s1-eth2,115434.00,5362588.00,5478022.00,5362588,115434,1749.00,3542.00,5291.00,3542,1749,0.00,0.00,0,0
1409705884,s2-eth1,5362588.00,115434.00,5478022.00,115434,5362588,3542.00,1749.00,5291.00,1749,3542,0.00,0.00,0,0
1409705884,s2-eth2,115104.00,5367130.00,5482234.00,5367130,115104,1744.00,3545.00,5289.00,3545,1744,0.00,0.00,0,0
1409705884,eth0,60.00,60.00,120.00,60,60,1.00,1.00,2.00,1,1,0.00,0.00,0,0
1409705884,lo,0.00,0.00,0.00,0,0,0.00,0.00,0.00,0,0,0.00,0.00,0,0
1409705884,total,10920952.00,10960316.00,21881268.00,10960316,10920952,10555.00,10581.00,21136.00,10581,10555,0.00,0.00,0,0
1409705885,s1-eth1,5884918.00,128106.00,6013024.00,128106,5884918,3887.00,1941.00,5828.00,1941,3887,0.00,0.00,0,0
1409705885,s1-eth2,127776.00,5878862.00,6006638.00,5878862,127776,1936.00,3883.00,5819.00,3883,1936,0.00,0.00,0,0
1409705885,s2-eth1,5878862.00,127776.00,6006638.00,127776,5878862,3883.00,1936.00,5819.00,1936,3883,0.00,0.00,0,0
1409705885,s2-eth2,127776.00,5907628.00,6035404.00,5907628,127776,1936.00,3902.00,5838.00,3902,1936,0.00,0.00,0,0
1409705885,eth0,0.00,0.00,0.00,0,0,0.00,0.00,0.00,0,0,0.00,0.00,0,0
1409705885,lo,344.00,344.00,688.00,344,344,6.00,6.00,12.00,6,6,0.00,0.00,0,0
1409705885,total,12019676.00,12042716.00,24062392.00,12042716,12019676,11648.00,11668.00,23316.00,11668,11648,0.00,0.00,0,0
1409705886,s1-eth1,5255736.00,109362.00,5365098.00,109362,5255736,3472.00,1657.00,5129.00,1657,3472,0.00,0.00,0,0
1409705886,s1-eth2,110616.00,5261792.00,5372408.00,5261792,110616,1676.00,3476.00,5152.00,3476,1676,0.00,0.00,0,0
1409705886,s2-eth1,5261792.00,110616.00,5372408.00,110616,5261792,3476.00,1676.00,5152.00,1676,3476,0.00,0.00,0,0
1409705886,s2-eth2,111078.00,5255736.00,5366814.00,5255736,111078,1683.00,3472.00,5155.00,3472,1683,0.00,0.00,0,0
1409705886,eth0,0.00,0.00,0.00,0,0,0.00,0.00,0.00,0,0,0.00,0.00,0,0
1409705886,lo,0.00,0.00,0.00,0,0,0.00,0.00,0.00,0,0,0.00,0.00,0,0
1409705886,total,10739222.00,10737506.00,21476728.00,10737506,10739222,10307.00,10281.00,20588.00,10281,10307,0.00,0.00,0,0
1409705887,s1-eth1,4490678.00,97980.06,4588658.00,98274,4504150,2966.10,1484.55,4450.65,1489,2975,0.00,0.00,0,0
1409705887,s1-eth2,97387.84,4487659.00,4585047.00,4501122,97680,1475.57,2964.11,4439.68,2973,1480,0.00,0.00,0,0
1409705887,s2-eth1,4487659.00,97387.84,4585047.00,97680,4501122,2964.11,1475.57,4439.68,1480,2973,0.00,0.00,0,0
1409705887,s2-eth2,97124.62,4486149.50,4583274.00,4499608,97416,1471.59,2963.11,4434.70,2972,1476,0.00,0.00,0,0
1409705887,eth0,0.00,0.00,0.00,0,0,0.00,0.00,0.00,0,0,0.00,0.00,0,0
1409705887,lo,0.00,0.00,0.00,0,0,0.00,0.00,0.00,0,0,0.00,0.00,0,0
1409705887,total,9172850.00,9169177.00,18342026.00,9196684,9200368,8877.37,8887.34,17764.71,8914,8904,0.00,0.00,0,0
1409705888,s1-eth1,4679774.00,101442.00,4781216.00,101442,4679774,3091.00,1537.00,4628.00,1537,3091,0.00,0.00,0,0
1409705888,s1-eth2,98472.00,4672204.00,4770676.00,4672204,98472,1492.00,3086.00,4578.00,3086,1492,0.00,0.00,0,0
1409705888,s2-eth1,4672204.00,98472.00,4770676.00,98472,4672204,3086.00,1492.00,4578.00,1492,3086,0.00,0.00,0,0
1409705888,s2-eth2,99594.00,4658578.00,4758172.00,4658578,99594,1509.00,3077.00,4586.00,3077,1509,0.00,0.00,0,0
1409705888,eth0,0.00,0.00,0.00,0,0,0.00,0.00,0.00,0,0,0.00,0.00,0,0
1409705888,lo,0.00,0.00,0.00,0,0,0.00,0.00,0.00,0,0,0.00,0.00,0,0
1409705888,total,9540504.00,9521175.00,19061678.00,9530696,9550044,9168.83,9182.82,18351.65,9192,9178,0.00,0.00,0,0
1409705889,s1-eth1,4550746.50,98407.19,4649154.00,98604,4559848,3005.99,1491.02,4497.01,1494,3012,0.00,0.00,0,0
1409705889,s1-eth2,100844.31,4549235.50,4650080.00,4558334,101046,1527.94,3004.99,4532.93,3011,1531,0.00,0.00,0,0
1409705889,s2-eth1,4549235.50,100844.31,4650080.00,101046,4558334,3004.99,1527.94,4532.93,1531,3011,0.00,0.00,0,0
1409705889,s2-eth2,99263.48,4559812.50,4659076.00,4568932,99462,1503.99,3011.98,4515.97,3018,1507,0.00,0.00,0,0
1409705889,eth0,0.00,0.00,0.00,0,0,0.00,0.00,0.00,0,0,0.00,0.00,0,0
1409705889,lo,0.00,0.00,0.00,0,0,0.00,0.00,0.00,0,0,0.00,0.00,0,0
1409705889,total,9309381.00,9317599.00,18626980.00,9326916,9318690,9051.95,9044.96,18096.90,9054,9061,0.00,0.00,0,0
1409705890,s1-eth1,3942456.00,81906.00,4024362.00,81906,3942456,2604.00,1241.00,3845.00,1241,2604,0.00,0.00,0,0
1409705890,s1-eth2,82368.00,3931858.00,4014226.00,3931858,82368,1248.00,2597.00,3845.00,2597,1248,0.00,0.00,0,0
1409705890,s2-eth1,3931858.00,82368.00,4014226.00,82368,3931858,2597.00,1248.00,3845.00,1248,2597,0.00,0.00,0,0
1409705890,s2-eth2,83622.00,3927316.00,4010938.00,3927316,83622,1267.00,2594.00,3861.00,2594,1267,0.00,0.00,0,0
1409705890,eth0,0.00,0.00,0.00,0,0,0.00,0.00,0.00,0,0,0.00,0.00,0,0
1409705890,lo,344.00,344.00,688.00,344,344,6.00,6.00,12.00,6,6,0.00,0.00,0,0
1409705890,total,8040648.00,8023792.00,16064440.00,8023792,8040648,7722.00,7686.00,15408.00,7686,7722,0.00,0.00,0,0
1409705891,s1-eth1,4516288.00,98439.56,4614727.50,98538,4520804,2983.02,1491.51,4474.53,1493,2986,0.00,0.00,0,0
1409705891,s1-eth2,98175.83,4523850.50,4622026.00,4528374,98274,1487.51,2988.01,4475.52,2991,1489,0.00,0.00,0,0
1409705891,s2-eth1,4523850.50,98175.83,4622026.00,98274,4528374,2988.01,1487.51,4475.52,1489,2991,0.00,0.00,0,0
1409705891,s2-eth2,97252.75,4511750.50,4609003.00,4516262,97350,1473.53,2980.02,4453.55,2983,1475,0.00,0.00,0,0
1409705891,eth0,0.00,1918.08,1918.08,1920,0,0.00,31.97,31.97,32,0,0.00,0.00,0,0
1409705891,lo,0.00,0.00,0.00,0,0,0.00,0.00,0.00,0,0,0.00,0.00,0,0
1409705891,total,9235567.00,9234134.00,18469700.00,9243368,9244802,8932.07,8979.02,17911.09,8988,8941,0.00,0.00,0,0
1409705892,s1-eth1,5024966.00,109164.00,5134130.00,109164,5024966,3319.00,1654.00,4973.00,1654,3319,0.00,0.00,0,0
1409705892,s1-eth2,109362.00,5034050.00,5143412.00,5034050,109362,1657.00,3325.00,4982.00,3325,1657,0.00,0.00,0,0
1409705892,s2-eth1,5034050.00,109362.00,5143412.00,109362,5034050,3325.00,1657.00,4982.00,1657,3325,0.00,0.00,0,0
1409705892,s2-eth2,109230.00,5046162.00,5155392.00,5046162,109230,1655.00,3333.00,4988.00,3333,1655,0.00,0.00,0,0
1409705892,eth0,0.00,0.00,0.00,0,0,0.00,0.00,0.00,0,0,0.00,0.00,0,0
1409705892,lo,0.00,0.00,0.00,0,0,0.00,0.00,0.00,0,0,0.00,0.00,0,0
1409705892,total,10277608.00,10298738.00,20576346.00,10298738,10277608,9956.00,9969.00,19925.00,9969,9956,0.00,0.00,0,0
1409705893,s1-eth1,5094058.00,110703.30,5204761.50,110814,5099152,3364.64,1677.32,5041.96,1679,3368,0.00,0.00,0,0
1409705893,s1-eth2,110703.30,5080445.50,5191149.00,5085526,110814,1677.32,3355.64,5032.97,3359,1679,0.00,0.00,0,0
1409705893,s2-eth1,5080445.50,110703.30,5191149.00,110814,5085526,3355.64,1677.32,5032.97,1679,3359,0.00,0.00,0,0
1409705893,s2-eth2,110329.34,5091996.00,5202325.50,5102180,110550,1671.66,3363.27,5034.93,3370,1675,0.00,0.00,0,0
1409705893,eth0,0.00,0.00,0.00,0,0,0.00,0.00,0.00,0,0,0.00,0.00,0,0
1409705893,lo,0.00,0.00,0.00,0,0,0.00,0.00,0.00,0,0,0.00,0.00,0,0
1409705893,total,10385272.00,10388557.00,20773828.00,10409334,10406042,10060.88,10066.87,20127.75,10087,10081,0.00,0.00,0,0
1409705894,s1-eth1,4955183.50,108203.19,5063386.50,108636,4975004,3272.91,1639.44,4912.35,1646,3286,0.00,0.00,0,0
1409705894,s1-eth2,107677.30,4956691.50,5064368.50,4976518,108108,1631.47,3273.90,4905.38,3287,1638,0.00,0.00,0,0
1409705894,s2-eth1,4956691.50,107677.30,5064368.50,108108,4976518,3273.90,1631.47,4905.38,1638,3287,0.00,0.00,0,0
1409705894,s2-eth2,108113.66,4925406.00,5033519.50,4940182,108438,1638.09,3253.24,4891.33,3263,1643,0.00,0.00,0,0
1409705894,eth0,0.00,0.00,0.00,0,0,0.00,0.00,0.00,0,0,0.00,0.00,0,0
1409705894,lo,0.00,0.00,0.00,0,0,0.00,0.00,0.00,0,0,0.00,0.00,0,0
1409705894,total,10137655.00,10103135.00,20240790.00,10133444,10168068,9824.53,9804.59,19629.11,9834,9854,0.00,0.00,0,0
1409705895,s1-eth1,4958350.00,108108.00,5066458.00,108108,4958350,3275.00,1638.00,4913.00,1638,3275,0.00,0.00,0,0
1409705895,s1-eth2,108636.00,4970462.00,5079098.00,4970462,108636,1646.00,3283.00,4929.00,3283,1646,0.00,0.00,0,0
1409705895,s2-eth1,4970462.00,108636.00,5079098.00,108636,4970462,3283.00,1646.00,4929.00,1646,3283,0.00,0.00,0,0
1409705895,s2-eth2,108900.00,4976518.00,5085418.00,4976518,108900,1650.00,3287.00,4937.00,3287,1650,0.00,0.00,0,0
1409705895,eth0,0.00,0.00,0.00,0,0,0.00,0.00,0.00,0,0,0.00,0.00,0,0
1409705895,lo,344.00,344.00,688.00,344,344,6.00,6.00,12.00,6,6,0.00,0.00,0,0
1409705895,total,10146692.00,10164068.00,20310760.00,10164068,10146692,9860.00,9860.00,19720.00,9860,9860,0.00,0.00,0,0
1409705896,s1-eth1,4466300.00,97416.00,4563716.00,97416,4466300,2950.00,1476.00,4426.00,1476,2950,0.00,0.00,0,0
1409705896,s1-eth2,96954.00,4455702.00,4552656.00,4455702,96954,1469.00,2943.00,4412.00,2943,1469,0.00,0.00,0,0
1409705896,s2-eth1,4455702.00,96954.00,4552656.00,96954,4455702,2943.00,1469.00,4412.00,1469,2943,0.00,0.00,0,0
1409705896,s2-eth2,95700.00,4481440.00,4577140.00,4481440,95700,1450.00,2960.00,4410.00,2960,1450,0.00,0.00,0,0
1409705896,eth0,0.00,0.00,0.00,0,0,0.00,0.00,0.00,0,0,0.00,0.00,0,0
1409705896,lo,0.00,0.00,0.00,0,0,0.00,0.00,0.00,0,0,0.00,0.00,0,0
1409705896,total,9114656.00,9131512.00,18246168.00,9131512,9114656,8812.00,8848.00,17660.00,8848,8812,0.00,0.00,0,0
1409705897,s1-eth1,4944724.00,106986.00,5051710.00,106986,4944724,3266.00,1621.00,4887.00,1621,3266,0.00,0.00,0,0
1409705897,s1-eth2,107514.00,4955322.00,5062836.00,4955322,107514,1629.00,3273.00,4902.00,3273,1629,0.00,0.00,0,0
1409705897,s2-eth1,4955322.00,107514.00,5062836.00,107514,4955322,3273.00,1629.00,4902.00,1629,3273,0.00,0.00,0,0
1409705897,s2-eth2,108438.00,4956836.00,5065274.00,4956836,108438,1643.00,3274.00,4917.00,3274,1643,0.00,0.00,0,0
1409705897,eth0,0.00,0.00,0.00,0,0,0.00,0.00,0.00,0,0,0.00,0.00,0,0
1409705897,lo,0.00,0.00,0.00,0,0,0.00,0.00,0.00,0,0,0.00,0.00,0,0
1409705897,total,10115998.00,10126658.00,20242656.00,10126658,10115998,9811.00,9797.00,19608.00,9797,9811,0.00,0.00,0,0
1409705898,s1-eth1,5258919.00,114725.28,5373644.50,114840,5264178,3473.53,1738.26,5211.79,1740,3477,0.00,0.00,0,0
1409705898,s1-eth2,114593.41,5258919.00,5373512.50,5264178,114708,1736.26,3473.53,5209.79,3477,1738,0.00,0.00,0,0
1409705898,s2-eth1,5258919.00,114593.41,5373512.50,114708,5264178,3473.53,1736.26,5209.79,1738,3477,0.00,0.00,0,0
1409705898,s2-eth2,114527.48,5248332.00,5362859.50,5253580,114642,1735.26,3466.53,5201.80,3470,1737,0.00,0.00,0,0
1409705898,eth0,0.00,0.00,0.00,0,0,0.00,0.00,0.00,0,0,0.00,0.00,0,0
1409705898,lo,0.00,0.00,0.00,0,0,0.00,0.00,0.00,0,0,0.00,0.00,0,0
1409705898,total,10746959.00,10736570.00,21483530.00,10747306,10757706,10418.58,10414.59,20833.17,10425,10429,0.00,0.00,0,0
1409705899,s1-eth1,5666902.00,123156.00,5790058.00,123156,5666902,3743.00,1866.00,5609.00,1866,3743,0.00,0.00,0,0
1409705899,s1-eth2,122826.00,5666902.00,5789728.00,5666902,122826,1861.00,3743.00,5604.00,3743,1861,0.00,0.00,0,0
1409705899,s2-eth1,5666902.00,122826.00,5789728.00,122826,5666902,3743.00,1861.00,5604.00,1861,3743,0.00,0.00,0,0
1409705899,s2-eth2,122826.00,5680528.00,5803354.00,5680528,122826,1861.00,3752.00,5613.00,3752,1861,0.00,0.00,0,0
1409705899,eth0,0.00,0.00,0.00,0,0,0.00,0.00,0.00,0,0,0.00,0.00,0,0
1409705899,lo,0.00,0.00,0.00,0,0,0.00,0.00,0.00,0,0,0.00,0.00,0,0
1409705899,total,11579456.00,11593412.00,23172868.00,11593412,11579456,11208.00,11222.00,22430.00,11222,11208,0.00,0.00,0,0
1409705900,s1-eth1,6198316.00,135102.00,6333418.00,135102,6198316,4094.00,2047.00,6141.00,2047,4094,0.00,0.00,0,0
1409705900,s1-eth2,135036.00,6199830.00,6334866.00,6199830,135036,2046.00,4095.00,6141.00,4095,2046,0.00,0.00,0,0
1409705900,s2-eth1,6199830.00,135036.00,6334866.00,135036,6199830,4095.00,2046.00,6141.00,2046,4095,0.00,0.00,0,0
1409705900,s2-eth2,135102.00,6201344.00,6336446.00,6201344,135102,2047.00,4096.00,6143.00,4096,2047,0.00,0.00,0,0
1409705900,eth0,0.00,0.00,0.00,0,0,0.00,0.00,0.00,0,0,0.00,0.00,0,0
1409705900,lo,344.00,344.00,688.00,344,344,6.00,6.00,12.00,6,6,0.00,0.00,0,0
1409705900,total,12668628.00,12671656.00,25340284.00,12671656,12668628,12288.00,12290.00,24578.00,12290,12288,0.00,0.00,0,0
1409705901,s1-eth1,6251306.00,136290.00,6387596.00,136290,6251306,4129.00,2065.00,6194.00,2065,4129,0.00,0.00,0,0
1409705901,s1-eth2,136290.00,6251306.00,6387596.00,6251306,136290,2065.00,4129.00,6194.00,4129,2065,0.00,0.00,0,0
1409705901,s2-eth1,6251306.00,136290.00,6387596.00,136290,6251306,4129.00,2065.00,6194.00,2065,4129,0.00,0.00,0,0
1409705901,s2-eth2,136290.00,6252820.00,6389110.00,6252820,136290,2065.00,4130.00,6195.00,4130,2065,0.00,0.00,0,0
1409705901,eth0,0.00,1920.00,1920.00,1920,0,0.00,32.00,32.00,32,0,0.00,0.00,0,0
1409705901,lo,0.00,0.00,0.00,0,0,0.00,0.00,0.00,0,0,0.00,0.00,0,0
1409705901,total,12775192.00,12778626.00,25553818.00,12778626,12775192,12388.00,12421.00,24809.00,12421,12388,0.00,0.00,0,0
1409705902,s1-eth1,6252758.00,136662.00,6389420.00,136662,6252758,4135.00,2071.00,6206.00,2071,4135,0.00,0.00,0,0
1409705902,s1-eth2,136662.00,6251244.00,6387906.00,6251244,136662,2071.00,4134.00,6205.00,4134,2071,0.00,0.00,0,0
1409705902,s2-eth1,6251244.00,136662.00,6387906.00,136662,6251244,4134.00,2071.00,6205.00,2071,4134,0.00,0.00,0,0
1409705902,s2-eth2,136728.00,6251244.00,6387972.00,6251244,136728,2072.00,4134.00,6206.00,4134,2072,0.00,0.00,0,0
1409705902,eth0,0.00,0.00,0.00,0,0,0.00,0.00,0.00,0,0,0.00,0.00,0,0
1409705902,lo,0.00,0.00,0.00,0,0,0.00,0.00,0.00,0,0,0.00,0.00,0,0
1409705902,total,12777392.00,12775812.00,25553204.00,12775812,12777392,12412.00,12410.00,24822.00,12410,12412,0.00,0.00,0,0
1409705903,s1-eth1,6056688.00,132594.00,6189282.00,132594,6056688,4004.00,2009.00,6013.00,2009,4004,0.00,0.00,0,0
1409705903,s1-eth2,132594.00,6076370.00,6208964.00,6076370,132594,2009.00,4017.00,6026.00,4017,2009,0.00,0.00,0,0
1409705903,s2-eth1,6076370.00,132594.00,6208964.00,132594,6076370,4017.00,2009.00,6026.00,2009,4017,0.00,0.00,0,0
1409705903,s2-eth2,132528.00,6079398.00,6211926.00,6079398,132528,2008.00,4019.00,6027.00,4019,2008,0.00,0.00,0,0
1409705903,eth0,0.00,0.00,0.00,0,0,0.00,0.00,0.00,0,0,0.00,0.00,0,0
1409705903,lo,0.00,0.00,0.00,0,0,0.00,0.00,0.00,0,0,0.00,0.00,0,0
1409705903,total,12398180.00,12420956.00,24819136.00,12420956,12398180,12038.00,12054.00,24092.00,12054,12038,0.00,0.00,0,0
1409705904,s1-eth1,6252152.00,136488.00,6388640.00,136488,6252152,4132.00,2068.00,6200.00,2068,4132,0.00,0.00,0,0
1409705904,s1-eth2,136488.00,6241554.00,6378042.00,6241554,136488,2068.00,4125.00,6193.00,4125,2068,0.00,0.00,0,0
1409705904,s2-eth1,6241554.00,136488.00,6378042.00,136488,6241554,4125.00,2068.00,6193.00,2068,4125,0.00,0.00,0,0
1409705904,s2-eth2,136488.00,6235498.00,6371986.00,6235498,136488,2068.00,4121.00,6189.00,4121,2068,0.00,0.00,0,0
1409705904,eth0,0.00,0.00,0.00,0,0,0.00,0.00,0.00,0,0,0.00,0.00,0,0
1409705904,lo,0.00,0.00,0.00,0,0,0.00,0.00,0.00,0,0,0.00,0.00,0,0
1409705904,total,12766682.00,12750028.00,25516710.00,12750028,12766682,12393.00,12382.00,24775.00,12382,12393,0.00,0.00,0,0
1409705905,s1-eth1,6226903.50,135956.05,6362859.50,136092,6233130,4116.88,2059.94,6176.82,2062,4121,0.00,0.00,0,0
1409705905,s1-eth2,136021.98,6225391.00,6361413.00,6231616,136158,2060.94,4115.88,6176.82,4120,2063,0.00,0.00,0,0
1409705905,s2-eth1,6225391.00,136021.98,6361413.00,136158,6231616,4115.88,2060.94,6176.82,2063,4120,0.00,0.00,0,0
1409705905,s2-eth2,136021.98,6225391.00,6361413.00,6231616,136158,2060.94,4115.88,6176.82,4120,2063,0.00,0.00,0,0
1409705905,eth0,0.00,0.00,0.00,0,0,0.00,0.00,0.00,0,0,0.00,0.00,0,0
1409705905,lo,343.66,343.66,687.31,344,344,5.99,5.99,11.99,6,6,0.00,0.00,0,0
1409705905,total,12724682.00,12723103.00,25447784.00,12735826,12737406,12360.64,12358.64,24719.28,12371,12373,0.00,0.00,0,0
1409705906,s1-eth1,6252980.00,136620.00,6389600.00,136620,6252980,4134.00,2070.00,6204.00,2070,4134,0.00,0.00,0,0
1409705906,s1-eth2,136620.00,6249952.00,6386572.00,6249952,136620,2070.00,4132.00,6202.00,4132,2070,0.00,0.00,0,0
1409705906,s2-eth1,6249952.00,136620.00,6386572.00,136620,6249952,4132.00,2070.00,6202.00,2070,4132,0.00,0.00,0,0
1409705906,s2-eth2,136554.00,6251466.00,6388020.00,6251466,136554,2069.00,4133.00,6202.00,4133,2069,0.00,0.00,0,0
1409705906,eth0,0.00,0.00,0.00,0,0,0.00,0.00,0.00,0,0,0.00,0.00,0,0
1409705906,lo,0.00,0.00,0.00,0,0,0.00,0.00,0.00,0,0,0.00,0.00,0,0
1409705906,total,12776106.00,12774658.00,25550764.00,12774658,12776106,12405.00,12405.00,24810.00,12405,12405,0.00,0.00,0,0
1409705907,s1-eth1,6251410.00,136686.00,6388096.00,136686,6251410,4133.00,2071.00,6204.00,2071,4133,0.00,0.00,0,0
1409705907,s1-eth2,136620.00,6252924.00,6389544.00,6252924,136620,2070.00,4134.00,6204.00,4134,2070,0.00,0.00,0,0
1409705907,s2-eth1,6252924.00,136620.00,6389544.00,136620,6252924,4134.00,2070.00,6204.00,2070,4134,0.00,0.00,0,0
1409705907,s2-eth2,136686.00,6252924.00,6389610.00,6252924,136686,2071.00,4134.00,6205.00,4134,2071,0.00,0.00,0,0
1409705907,eth0,0.00,0.00,0.00,0,0,0.00,0.00,0.00,0,0,0.00,0.00,0,0
1409705907,lo,0.00,0.00,0.00,0,0,0.00,0.00,0.00,0,0,0.00,0.00,0,0
1409705907,total,12777640.00,12779154.00,25556794.00,12779154,12777640,12408.00,12409.00,24817.00,12409,12408,0.00,0.00,0,0
1409705908,s1-eth1,6248040.00,136290.00,6384330.00,136290,6248040,4128.00,2065.00,6193.00,2065,4128,0.00,0.00,0,0
1409705908,s1-eth2,136290.00,6246526.00,6382816.00,6246526,136290,2065.00,4127.00,6192.00,4127,2065,0.00,0.00,0,0
1409705908,s2-eth1,6246526.00,136290.00,6382816.00,136290,6246526,4127.00,2065.00,6192.00,2065,4127,0.00,0.00,0,0
1409705908,s2-eth2,136356.00,6246526.00,6382882.00,6246526,136356,2066.00,4127.00,6193.00,4127,2066,0.00,0.00,0,0
1409705908,eth0,0.00,0.00,0.00,0,0,0.00,0.00,0.00,0,0,0.00,0.00,0,0
1409705908,lo,0.00,0.00,0.00,0,0,0.00,0.00,0.00,0,0,0.00,0.00,0,0
1409705908,total,12767212.00,12765632.00,25532844.00,12765632,12767212,12386.00,12384.00,24770.00,12384,12386,0.00,0.00,0,0
1409705909,s1-eth1,6251356.00,136356.00,6387712.00,136356,6251356,4130.00,2066.00,6196.00,2066,4130,0.00,0.00,0,0
1409705909,s1-eth2,136356.00,6251356.00,6387712.00,6251356,136356,2066.00,4130.00,6196.00,4130,2066,0.00,0.00,0,0
1409705909,s2-eth1,6251356.00,136356.00,6387712.00,136356,6251356,4130.00,2066.00,6196.00,2066,4130,0.00,0.00,0,0
1409705909,s2-eth2,136158.00,6251356.00,6387514.00,6251356,136158,2063.00,4130.00,6193.00,4130,2063,0.00,0.00,0,0
1409705909,eth0,0.00,60.00,60.00,60,0,0.00,1.00,1.00,1,0,0.00,0.00,0,0
1409705909,lo,0.00,0.00,0.00,0,0,0.00,0.00,0.00,0,0,0.00,0.00,0,0
1409705909,total,12775226.00,12775484.00,25550710.00,12775484,12775226,12389.00,12393.00,24782.00,12393,12389,0.00,0.00,0,0
1409705910,s1-eth1,6251928.00,136488.00,6388416.00,136488,6251928,4132.00,2068.00,6200.00,2068,4132,0.00,0.00,0,0
1409705910,s1-eth2,136488.00,6250414.00,6386902.00,6250414,136488,2068.00,4131.00,6199.00,4131,2068,0.00,0.00,0,0
1409705910,s2-eth1,6250414.00,136488.00,6386902.00,136488,6250414,4131.00,2068.00,6199.00,2068,4131,0.00,0.00,0,0
1409705910,s2-eth2,136620.00,6251928.00,6388548.00,6251928,136620,2070.00,4132.00,6202.00,4132,2070,0.00,0.00,0,0
1409705910,eth0,0.00,0.00,0.00,0,0,0.00,0.00,0.00,0,0,0.00,0.00,0,0
1409705910,lo,344.00,344.00,688.00,344,344,6.00,6.00,12.00,6,6,0.00,0.00,0,0
1409705910,total,12775794.00,12775662.00,25551456.00,12775662,12775794,12407.00,12405.00,24812.00,12405,12407,0.00,0.00,0,0
1409705911,s1-eth1,6249830.00,136488.00,6386318.00,136488,6249830,4131.00,2068.00,6199.00,2068,4131,0.00,0.00,0,0
1409705911,s1-eth2,136488.00,6251344.00,6387832.00,6251344,136488,2068.00,4132.00,6200.00,4132,2068,0.00,0.00,0,0
1409705911,s2-eth1,6251344.00,136488.00,6387832.00,136488,6251344,4132.00,2068.00,6200.00,2068,4132,0.00,0.00,0,0
1409705911,s2-eth2,136488.00,6252858.00,6389346.00,6252858,136488,2068.00,4133.00,6201.00,4133,2068,0.00,0.00,0,0
1409705911,eth0,0.00,1860.00,1860.00,1860,0,0.00,31.00,31.00,31,0,0.00,0.00,0,0
1409705911,lo,0.00,0.00,0.00,0,0,0.00,0.00,0.00,0,0,0.00,0.00,0,0
1409705911,total,12774150.00,12779038.00,25553188.00,12779038,12774150,12399.00,12432.00,24831.00,12432,12399,0.00,0.00,0,0
1409705912,s1-eth1,6251984.00,136422.00,6388406.00,136422,6251984,4132.00,2067.00,6199.00,2067,4132,0.00,0.00,0,0
1409705912,s1-eth2,136422.00,6249942.00,6386364.00,6249942,136422,2067.00,4131.00,6198.00,4131,2067,0.00,0.00,0,0
1409705912,s2-eth1,6249942.00,136422.00,6386364.00,136422,6249942,4131.00,2067.00,6198.00,2067,4131,0.00,0.00,0,0
1409705912,s2-eth2,136488.00,6248428.00,6384916.00,6248428,136488,2068.00,4130.00,6198.00,4130,2068,0.00,0.00,0,0
1409705912,eth0,0.00,0.00,0.00,0,0,0.00,0.00,0.00,0,0,0.00,0.00,0,0
1409705912,lo,0.00,0.00,0.00,0,0,0.00,0.00,0.00,0,0,0.00,0.00,0,0
1409705912,total,12774836.00,12771214.00,25546050.00,12771214,12774836,12398.00,12395.00,24793.00,12395,12398,0.00,0.00,0,0
1409705913,s1-eth1,6107467.00,133383.23,6240850.50,133650,6119682,4036.93,2020.96,6057.88,2025,4045,0.00,0.00,0,0
1409705913,s1-eth2,133383.23,6112527.00,6245910.50,6124752,133650,2020.96,4039.92,6060.88,4048,2025,0.00,0.00,0,0
1409705913,s2-eth1,6112527.00,133383.23,6245910.50,133650,6124752,4039.92,2020.96,6060.88,2025,4048,0.00,0.00,0,0
1409705913,s2-eth2,133317.38,6114038.00,6247355.50,6126266,133584,2019.96,4040.92,6060.88,4049,2024,0.00,0.00,0,0
1409705913,eth0,0.00,0.00,0.00,0,0,0.00,0.00,0.00,0,0,0.00,0.00,0,0
1409705913,lo,0.00,0.00,0.00,0,0,0.00,0.00,0.00,0,0,0.00,0.00,0,0
1409705913,total,12486695.00,12493332.00,24980026.00,12518318,12511668,12117.76,12122.75,24240.52,12147,12142,0.00,0.00,0,0
1409705914,s1-eth1,6257456.00,136554.00,6394010.00,136554,6257456,4136.00,2069.00,6205.00,2069,4136,0.00,0.00,0,0
1409705914,s1-eth2,136554.00,6257456.00,6394010.00,6257456,136554,2069.00,4136.00,6205.00,4136,2069,0.00,0.00,0,0
1409705914,s2-eth1,6257456.00,136554.00,6394010.00,136554,6257456,4136.00,2069.00,6205.00,2069,4136,0.00,0.00,0,0
1409705914,s2-eth2,136620.00,6257456.00,6394076.00,6257456,136620,2070.00,4136.00,6206.00,4136,2070,0.00,0.00,0,0
1409705914,eth0,0.00,0.00,0.00,0,0,0.00,0.00,0.00,0,0,0.00,0.00,0,0
1409705914,lo,0.00,0.00,0.00,0,0,0.00,0.00,0.00,0,0,0.00,0.00,0,0
1409705914,total,12788086.00,12788020.00,25576106.00,12788020,12788086,12411.00,12410.00,24821.00,12410,12411,0.00,0.00,0,0
1409705915,s1-eth1,6252858.00,136554.00,6389412.00,136554,6252858,4133.00,2069.00,6202.00,2069,4133,0.00,0.00,0,0
1409705915,s1-eth2,136554.00,6252858.00,6389412.00,6252858,136554,2069.00,4133.00,6202.00,4133,2069,0.00,0.00,0,0
1409705915,s2-eth1,6252858.00,136554.00,6389412.00,136554,6252858,4133.00,2069.00,6202.00,2069,4133,0.00,0.00,0,0
1409705915,s2-eth2,136488.00,6252858.00,6389346.00,6252858,136488,2068.00,4133.00,6201.00,4133,2068,0.00,0.00,0,0
1409705915,eth0,0.00,0.00,0.00,0,0,0.00,0.00,0.00,0,0,0.00,0.00,0,0
1409705915,lo,344.00,344.00,688.00,344,344,6.00,6.00,12.00,6,6,0.00,0.00,0,0
1409705915,total,12779102.00,12779168.00,25558270.00,12779168,12779102,12409.00,12410.00,24819.00,12410,12409,0.00,0.00,0,0
1409705916,s1-eth1,6253442.00,136422.00,6389864.00,136422,6253442,4133.00,2067.00,6200.00,2067,4133,0.00,0.00,0,0
1409705916,s1-eth2,136488.00,6251928.00,6388416.00,6251928,136488,2068.00,4132.00,6200.00,4132,2068,0.00,0.00,0,0
1409705916,s2-eth1,6251928.00,136488.00,6388416.00,136488,6251928,4132.00,2068.00,6200.00,2068,4132,0.00,0.00,0,0
1409705916,s2-eth2,136488.00,6251928.00,6388416.00,6251928,136488,2068.00,4132.00,6200.00,4132,2068,0.00,0.00,0,0
1409705916,eth0,0.00,0.00,0.00,0,0,0.00,0.00,0.00,0,0,0.00,0.00,0,0
1409705916,lo,0.00,0.00,0.00,0,0,0.00,0.00,0.00,0,0,0.00,0.00,0,0
1409705916,total,12778346.00,12776766.00,25555112.00,12776766,12778346,12401.00,12399.00,24800.00,12399,12401,0.00,0.00,0,0
1409705917,s1-eth1,6252727.50,136549.45,6389277.00,136686,6258980,4133.87,2068.93,6202.80,2071,4138,0.00,0.00,0,0
1409705917,s1-eth2,136483.52,6254240.00,6390723.50,6260494,136620,2067.93,4134.87,6202.80,4139,2070,0.00,0.00,0,0
1409705917,s2-eth1,6254240.00,136483.52,6390723.50,136620,6260494,4134.87,2067.93,6202.80,2070,4139,0.00,0.00,0,0
1409705917,s2-eth2,136549.45,6254240.00,6390789.50,6260494,136686,2068.93,4134.87,6203.80,4139,2071,0.00,0.00,0,0
1409705917,eth0,0.00,0.00,0.00,0,0,0.00,0.00,0.00,0,0,0.00,0.00,0,0
1409705917,lo,0.00,0.00,0.00,0,0,0.00,0.00,0.00,0,0,0.00,0.00,0,0
1409705917,total,12780000.00,12781513.00,25561514.00,12794294,12792780,12405.59,12406.59,24812.19,12419,12418,0.00,0.00,0,0
1409705918,s1-eth1,6108342.00,133584.00,6241926.00,133584,6108342,4039.00,2024.00,6063.00,2024,4039,0.00,0.00,0,0
1409705918,s1-eth2,133584.00,6106244.00,6239828.00,6106244,133584,2024.00,4038.00,6062.00,4038,2024,0.00,0.00,0,0
1409705918,s2-eth1,6106244.00,133584.00,6239828.00,133584,6106244,4038.00,2024.00,6062.00,2024,4038,0.00,0.00,0,0
1409705918,s2-eth2,133584.00,6109272.00,6242856.00,6109272,133584,2024.00,4040.00,6064.00,4040,2024,0.00,0.00,0,0
1409705918,eth0,0.00,0.00,0.00,0,0,0.00,0.00,0.00,0,0,0.00,0.00,0,0
1409705918,lo,0.00,0.00,0.00,0,0,0.00,0.00,0.00,0,0,0.00,0.00,0,0
1409705918,total,12481754.00,12482684.00,24964438.00,12482684,12481754,12125.00,12126.00,24251.00,12126,12125,0.00,0.00,0,0
1409705919,s1-eth1,6249204.00,136422.00,6385626.00,136422,6249204,4130.00,2067.00,6197.00,2067,4130,0.00,0.00,0,0
1409705919,s1-eth2,136422.00,6251302.00,6387724.00,6251302,136422,2067.00,4131.00,6198.00,4131,2067,0.00,0.00,0,0
1409705919,s2-eth1,6251302.00,136422.00,6387724.00,136422,6251302,4131.00,2067.00,6198.00,2067,4131,0.00,0.00,0,0
1409705919,s2-eth2,136356.00,6249788.00,6386144.00,6249788,136356,2066.00,4130.00,6196.00,4130,2066,0.00,0.00,0,0
1409705919,eth0,0.00,0.00,0.00,0,0,0.00,0.00,0.00,0,0,0.00,0.00,0,0
1409705919,lo,0.00,0.00,0.00,0,0,0.00,0.00,0.00,0,0,0.00,0.00,0,0
1409705919,total,12773284.00,12773934.00,25547218.00,12773934,12773284,12394.00,12395.00,24789.00,12395,12394,0.00,0.00,0,0
1409705920,s1-eth1,1179738.00,27192.00,1206930.00,27192,1179738,781.00,412.00,1193.00,412,781,0.00,0.00,0,0
1409705920,s1-eth2,28578.00,1108580.00,1137158.00,1108580,28578,433.00,734.00,1167.00,734,433,0.00,0.00,0,0
1409705920,s2-eth1,1108580.00,28578.00,1137158.00,28578,1108580,734.00,433.00,1167.00,433,734,0.00,0.00,0,0
1409705920,s2-eth2,29964.00,1038936.00,1068900.00,1038936,29964,454.00,688.00,1142.00,688,454,0.00,0.00,0,0
1409705920,eth0,0.00,0.00,0.00,0,0,0.00,0.00,0.00,0,0,0.00,0.00,0,0
1409705920,lo,344.00,344.00,688.00,344,344,6.00,6.00,12.00,6,6,0.00,0.00,0,0
1409705920,total,2347204.00,2203630.00,4550834.00,2203630,2347204,2408.00,2273.00,4681.00,2273,2408,0.00,0.00,0,0
1409705921,s1-eth1,0.00,0.00,0.00,0,0,0.00,0.00,0.00,0,0,0.00,0.00,0,0
1409705921,s1-eth2,0.00,0.00,0.00,0,0,0.00,0.00,0.00,0,0,0.00,0.00,0,0
1409705921,s2-eth1,0.00,0.00,0.00,0,0,0.00,0.00,0.00,0,0,0.00,0.00,0,0
1409705921,s2-eth2,0.00,0.00,0.00,0,0,0.00,0.00,0.00,0,0,0.00,0.00,0,0
1409705921,eth0,0.00,1680.00,1680.00,1680,0,0.00,28.00,28.00,28,0,0.00,0.00,0,0
1409705921,lo,0.00,0.00,0.00,0,0,0.00,0.00,0.00,0,0,0.00,0.00,0,0
1409705921,total,0.00,1680.00,1680.00,1680,0,0.00,28.00,28.00,28,0,0.00,0.00,0,0
1409705922,s1-eth1,0.00,42.00,42.00,42,0,0.00,1.00,1.00,1,0,0.00,0.00,0,0
1409705922,s1-eth2,42.00,42.00,84.00,42,42,1.00,1.00,2.00,1,1,0.00,0.00,0,0
1409705922,s2-eth1,42.00,42.00,84.00,42,42,1.00,1.00,2.00,1,1,0.00,0.00,0,0
1409705922,s2-eth2,42.00,42.00,84.00,42,42,1.00,1.00,2.00,1,1,0.00,0.00,0,0
1409705922,eth0,0.00,0.00,0.00,0,0,0.00,0.00,0.00,0,0,0.00,0.00,0,0
1409705922,lo,0.00,0.00,0.00,0,0,0.00,0.00,0.00,0,0,0.00,0.00,0,0
1409705922,total,126.00,168.00,294.00,168,126,3.00,4.00,7.00,4,3,0.00,0.00,0,0
1409705923,s1-eth1,42.00,0.00,42.00,0,42,1.00,0.00,1.00,0,1,0.00,0.00,0,0
1409705923,s1-eth2,0.00,0.00,0.00,0,0,0.00,0.00,0.00,0,0,0.00,0.00,0,0
1409705923,s2-eth1,0.00,0.00,0.00,0,0,0.00,0.00,0.00,0,0,0.00,0.00,0,0
1409705923,s2-eth2,0.00,0.00,0.00,0,0,0.00,0.00,0.00,0,0,0.00,0.00,0,0
1409705923,eth0,0.00,0.00,0.00,0,0,0.00,0.00,0.00,0,0,0.00,0.00,0,0
1409705923,lo,0.00,0.00,0.00,0,0,0.00,0.00,0.00,0,0,0.00,0.00,0,0
1409705923,total,42.00,0.00,42.00,0,42,1.00,0.00,1.00,0,1,0.00,0.00,0,0
1409705924,s1-eth1,0.00,0.00,0.00,0,0,0.00,0.00,0.00,0,0,0.00,0.00,0,0
1409705924,s1-eth2,0.00,0.00,0.00,0,0,0.00,0.00,0.00,0,0,0.00,0.00,0,0
140970592