1410632200,s1-eth1,0.00,0.00,0.00,0,0,0.00,0.00,0.00,0,0,0.00,0.00,0,0
1410632200,s1-eth3,0.00,0.00,0.00,0,0,0.00,0.00,0.00,0,0,0.00,0.00,0,0
1410632200,s1-eth2,0.00,0.00,0.00,0,0,0.00,0.00,0.00,0,0,0.00,0.00,0,0
1410632200,s2-eth1,0.00,0.00,0.00,0,0,0.00,0.00,0.00,0,0,0.00,0.00,0,0
1410632200,s2-eth3,0.00,0.00,0.00,0,0,0.00,0.00,0.00,0,0,0.00,0.00,0,0
1410632200,s2-eth2,0.00,0.00,0.00,0,0,0.00,0.00,0.00,0,0,0.00,0.00,0,0
1410632200,s3-eth1,0.00,0.00,0.00,0,0,0.00,0.00,0.00,0,0,0.00,0.00,0,0
1410632200,s3-eth3,0.00,0.00,0.00,0,0,0.00,0.00,0.00,0,0,0.00,0.00,0,0
1410632200,s3-eth2,0.00,0.00,0.00,0,0,0.00,0.00,0.00,0,0,0.00,0.00,0,0
1410632200,eth0,0.00,0.00,0.00,0,0,0.00,0.00,0.00,0,0,0.00,0.00,0,0
1410632200,lo,0.00,0.00,0.00,0,0,0.00,0.00,0.00,0,0,0.00,0.00,0,0
1410632200,s4-eth1,0.00,0.00,0.00,0,0,0.00,0.00,0.00,0,0,0.00,0.00,0,0
1410632200,s4-eth2,0.00,0.00,0.00,0,0,0.00,0.00,0.00,0,0,0.00,0.00,0,0
1410632200,total,0.00,0.00,0.00,0,0,0.00,0.00,0.00,0,0,0.00,0.00,0,0
1410632201,s1-eth1,1250258.00,28644.00,1278902.00,28644,1250258,829.00,434.00,1263.00,434,829,0.00,0.00,0,0
1410632201,s1-eth3,20262.00,886776.00,907038.00,886776,20262,307.00,588.00,895.00,588,307,0.00,0.00,0,0
1410632201,s1-eth2,8406.00,377108.00,385514.00,377108,8406,127.00,250.00,377.00,250,127,0.00,0.00,0,0
1410632201,s2-eth1,886776.00,20262.00,907038.00,20262,886776,588.00,307.00,895.00,307,588,0.00,0.00,0,0
1410632201,s2-eth3,13992.00,625550.00,639542.00,625550,13992,212.00,415.00,627.00,415,212,0.00,0.00,0,0
1410632201,s2-eth2,6360.00,277880.00,284240.00,277880,6360,96.00,184.00,280.00,184,96,0.00,0.00,0,0
1410632201,s3-eth1,625550.00,13992.00,639542.00,13992,625550,415.00,212.00,627.00,212,415,0.00,0.00,0,0
1410632201,s3-eth3,6162.00,268796.00,274958.00,268796,6162,93.00,178.00,271.00,178,93,0.00,0.00,0,0
1410632201,s3-eth2,7854.00,358268.00,366122.00,358268,7854,119.00,238.00,357.00,238,119,0.00,0.00,0,0
1410632201,eth0,0.00,0.00,0.00,0,0,0.00,0.00,0.00,0,0,0.00,0.00,0,0
1410632201,lo,1152.00,1152.00,2304.00,1152,1152,12.00,12.00,24.00,12,12,0.00,0.00,0,0
1410632201,s4-eth1,268796.00,6162.00,274958.00,6162,268796,178.00,93.00,271.00,93,178,0.00,0.00,0,0
1410632201,s4-eth2,6162.00,268796.00,274958.00,268796,6162,93.00,178.00,271.00,178,93,0.00,0.00,0,0
1410632201,total,3101730.00,3133386.00,6235116.00,3133386,3101730,3069.00,3089.00,6158.00,3089,3069,0.00,0.00,0,0
1410632202,s1-eth1,1250446.00,28446.00,1278892.00,28446,1250446,831.00,431.00,1262.00,431,831,0.00,0.00,0,0
1410632202,s1-eth3,20550.00,924846.00,945396.00,924846,20550,311.00,615.00,926.00,615,311,0.00,0.00,0,0
1410632202,s1-eth2,7986.00,355880.00,363866.00,355880,7986,121.00,236.00,357.00,236,121,0.00,0.00,0,0
1410632202,s2-eth1,924846.00,20550.00,945396.00,20550,924846,615.00,311.00,926.00,311,615,0.00,0.00,0,0
1410632202,s2-eth3,13884.00,613536.00,627420.00,613536,13884,210.00,408.00,618.00,408,210,0.00,0.00,0,0
1410632202,s2-eth2,6756.00,294656.00,301412.00,294656,6756,102.00,196.00,298.00,196,102,0.00,0.00,0,0
1410632202,s3-eth1,613536.00,13884.00,627420.00,13884,613536,408.00,210.00,618.00,210,408,0.00,0.00,0,0
1410632202,s3-eth3,5766.00,249236.00,255002.00,249236,5766,87.00,166.00,253.00,166,87,0.00,0.00,0,0
1410632202,s3-eth2,8274.00,362786.00,371060.00,362786,8274,125.00,241.00,366.00,241,125,0.00,0.00,0,0
1410632202,eth0,0.00,0.00,0.00,0,0,0.00,0.00,0.00,0,0,0.00,0.00,0,0
1410632202,lo,1152.00,1152.00,2304.00,1152,1152,12.00,12.00,24.00,12,12,0.00,0.00,0,0
1410632202,s4-eth1,249236.00,5766.00,255002.00,5766,249236,166.00,87.00,253.00,87,166,0.00,0.00,0,0
1410632202,s4-eth2,5766.00,249236.00,255002.00,249236,5766,87.00,166.00,253.00,166,87,0.00,0.00,0,0
1410632202,total,3108198.00,3119974.00,6228172.00,3119974,3108198,3075.00,3079.00,6154.00,3079,3075,0.00,0.00,0,0
1410632203,s1-eth1,1250853.12,28553.45,1279406.62,28582,1252104,833.17,432.57,1265.73,433,834,0.00,0.00,0,0
1410632203,s1-eth3,21370.63,936077.94,957448.56,937014,21392,323.68,624.38,948.05,625,324,0.00,0.00,0,0
1410632203,s1-eth2,7688.31,344399.62,352087.91,344744,7696,115.88,229.77,345.65,230,116,0.00,0.00,0,0
1410632203,s2-eth1,936077.94,21370.63,957448.56,21392,937014,624.38,323.68,948.05,324,625,0.00,0.00,0,0
1410632203,s2-eth3,14409.59,629578.44,643988.00,630208,14424,217.78,419.58,637.36,420,218,0.00,0.00,0,0
1410632203,s2-eth2,7400.60,306499.50,313900.09,306806,7408,111.89,204.80,316.68,205,112,0.00,0.00,0,0
1410632203,s3-eth1,629578.44,14409.59,643988.00,14424,630208,419.58,217.78,637.36,218,420,0.00,0.00,0,0
1410632203,s3-eth3,6699.30,283026.97,289726.28,283310,6706,100.90,188.81,289.71,189,101,0.00,0.00,0,0
1410632203,s3-eth2,8149.85,346551.47,354701.31,346898,8158,122.88,230.77,353.65,231,123,0.00,0.00,0,0
1410632203,eth0,0.00,0.00,0.00,0,0,0.00,0.00,0.00,0,0,0.00,0.00,0,0
1410632203,lo,6505.49,6505.49,13010.99,6512,6512,71.93,71.93,143.86,72,72,0.00,0.00,0,0
1410632203,s4-eth1,283026.97,6699.30,289726.28,6706,283310,188.81,100.90,289.71,101,189,0.00,0.00,0,0
1410632203,s4-eth2,6699.30,283026.97,289726.28,283310,6706,100.90,188.81,289.71,189,101,0.00,0.00,0,0
1410632203,total,3178459.75,3206699.50,6385159.00,3209906,3181638,3231.77,3233.77,6465.53,3237,3235,0.00,0.00,0,0
1410632204,s1-eth1,1252062.00,29040.00,1281102.00,29040,1252062,833.00,440.00,1273.00,440,833,0.00,0.00,0,0
1410632204,s1-eth3,21048.00,935570.00,956618.00,935570,21048,320.00,625.00,945.00,625,320,0.00,0.00,0,0
1410632204,s1-eth2,8178.00,350800.00,358978.00,350800,8178,125.00,236.00,361.00,236,125,0.00,0.00,0,0
1410632204,s2-eth1,935570.00,21048.00,956618.00,21048,935570,625.00,320.00,945.00,320,625,0.00,0.00,0,0
1410632204,s2-eth3,14622.00,650736.00,665358.00,650736,14622,223.00,436.00,659.00,436,223,0.00,0.00,0,0
1410632204,s2-eth2,6594.00,286516.00,293110.00,286516,6594,101.00,194.00,295.00,194,101,0.00,0.00,0,0
1410632204,s3-eth1,650736.00,14622.00,665358.00,14622,650736,436.00,223.00,659.00,223,436,0.00,0.00,0,0
1410632204,s3-eth3,7254.00,324244.00,331498.00,324244,7254,111.00,218.00,329.00,218,111,0.00,0.00,0,0
1410632204,s3-eth2,7386.00,328090.00,335476.00,328090,7386,113.00,221.00,334.00,221,113,0.00,0.00,0,0
1410632204,eth0,0.00,0.00,0.00,0,0,0.00,0.00,0.00,0,0,0.00,0.00,0,0
1410632204,lo,8744.00,8744.00,17488.00,8744,8744,82.00,82.00,164.00,82,82,0.00,0.00,0,0
1410632204,s4-eth1,324244.00,7254.00,331498.00,7254,324244,218.00,111.00,329.00,111,218,0.00,0.00,0,0
1410632204,s4-eth2,7254.00,325758.00,333012.00,325758,7254,111.00,219.00,330.00,219,111,0.00,0.00,0,0
1410632204,total,3243692.00,3282422.00,6526114.00,3282422,3243692,3298.00,3325.00,6623.00,3325,3298,0.00,0.00,0,0
1410632205,s1-eth1,1249538.00,42790.00,1292328.00,42790,1249538,829.00,589.00,1418.00,589,829,0.00,0.00,0,0
1410632205,s1-eth3,30162.00,861832.00,891994.00,861832,30162,423.00,572.00,995.00,572,423,0.00,0.00,0,0
1410632205,s1-eth2,12694.00,406692.00,419386.00,406692,12694,167.00,270.00,437.00,270,167,0.00,0.00,0,0
1410632205,s2-eth1,861832.00,30162.00,891994.00,30162,861832,572.00,423.00,995.00,423,572,0.00,0.00,0,0
1410632205,s2-eth3,19854.00,592218.00,612072.00,592218,19854,277.00,393.00,670.00,393,277,0.00,0.00,0,0
1410632205,s2-eth2,10308.00,312006.00,322314.00,312006,10308,146.00,207.00,353.00,207,146,0.00,0.00,0,0
1410632205,s3-eth1,592218.00,19854.00,612072.00,19854,592218,393.00,277.00,670.00,277,393,0.00,0.00,0,0
1410632205,s3-eth3,10020.00,298380.00,308400.00,298380,10020,140.00,198.00,338.00,198,140,0.00,0.00,0,0
1410632205,s3-eth2,9834.00,292324.00,302158.00,292324,9834,137.00,194.00,331.00,194,137,0.00,0.00,0,0
1410632205,eth0,0.00,0.00,0.00,0,0,0.00,0.00,0.00,0,0,0.00,0.00,0,0
1410632205,lo,0.00,0.00,0.00,0,0,0.00,0.00,0.00,0,0,0.00,0.00,0,0
1410632205,s4-eth1,298380.00,10020.00,308400.00,10020,298380,198.00,140.00,338.00,140,198,0.00,0.00,0,0
1410632205,s4-eth2,10020.00,296866.00,306886.00,296866,10020,140.00,197.00,337.00,197,140,0.00,0.00,0,0
1410632205,total,3104860.00,3163144.00,6268004.00,3163144,3104860,3422.00,3460.00,6882.00,3460,3422,0.00,0.00,0,0
1410632206,s1-eth1,1251504.00,37752.00,1289256.00,37752,1251504,828.00,520.00,1348.00,520,828,0.00,0.00,0,0
1410632206,s1-eth3,25546.00,849354.00,874900.00,849354,25546,359.00,561.00,920.00,561,359,0.00,0.00,0,0
1410632206,s1-eth2,12202.00,357304.00,369506.00,357304,12202,161.00,236.00,397.00,236,161,0.00,0.00,0,0
1410632206,s2-eth1,849354.00,25546.00,874900.00,25546,849354,561.00,359.00,920.00,359,561,0.00,0.00,0,0
1410632206,s2-eth3,16008.00,587432.00,603440.00,587432,16008,232.00,388.00,620.00,388,232,0.00,0.00,0,0
1410632206,s2-eth2,9628.00,222558.00,232186.00,222558,9628,128.00,147.00,275.00,147,128,0.00,0.00,0,0
1410632206,s3-eth1,587432.00,16008.00,603440.00,16008,587432,388.00,232.00,620.00,232,388,0.00,0.00,0,0
1410632206,s3-eth3,6492.00,301286.00,307778.00,301286,6492,98.00,199.00,297.00,199,98,0.00,0.00,0,0
1410632206,s3-eth2,9606.00,286146.00,295752.00,286146,9606,135.00,189.00,324.00,189,135,0.00,0.00,0,0
1410632206,eth0,0.00,0.00,0.00,0,0,0.00,0.00,0.00,0,0,0.00,0.00,0,0
1410632206,lo,1152.00,1152.00,2304.00,1152,1152,12.00,12.00,24.00,12,12,0.00,0.00,0,0
1410632206,s4-eth1,301286.00,6492.00,307778.00,6492,301286,199.00,98.00,297.00,98,199,0.00,0.00,0,0
1410632206,s4-eth2,6492.00,304314.00,310806.00,304314,6492,98.00,201.00,299.00,201,98,0.00,0.00,0,0
1410632206,total,3076702.00,2995344.00,6072046.00,2995344,3076702,3199.00,3142.00,6341.00,3142,3199,0.00,0.00,0,0
1410632207,s1-eth1,1251252.00,29502.00,1280754.00,29502,1251252,832.00,443.00,1275.00,443,832,0.00,0.00,0,0
1410632207,s1-eth3,20732.00,971802.00,992534.00,971802,20732,314.00,647.00,961.00,647,314,0.00,0.00,0,0
1410632207,s1-eth2,9214.00,374902.00,384116.00,374902,9214,135.00,249.00,384.00,249,135,0.00,0.00,0,0
1410632207,s2-eth1,971802.00,20732.00,992534.00,20732,971802,647.00,314.00,961.00,314,647,0.00,0.00,0,0
1410632207,s2-eth3,15522.00,694548.00,710070.00,694548,15522,235.00,462.00,697.00,462,235,0.00,0.00,0,0
1410632207,s2-eth2,5560.00,272712.00,278272.00,272712,5560,84.00,182.00,266.00,182,84,0.00,0.00,0,0
1410632207,s3-eth1,694548.00,15522.00,710070.00,15522,694548,462.00,235.00,697.00,235,462,0.00,0.00,0,0
1410632207,s3-eth3,8728.00,375024.00,383752.00,375024,8728,132.00,250.00,382.00,250,132,0.00,0.00,0,0
1410632207,s3-eth2,7144.00,319524.00,326668.00,319524,7144,108.00,212.00,320.00,212,108,0.00,0.00,0,0
1410632207,eth0,0.00,0.00,0.00,0,0,0.00,0.00,0.00,0,0,0.00,0.00,0,0
1410632207,lo,5360.00,5360.00,10720.00,5360,5360,60.00,60.00,120.00,60,60,0.00,0.00,0,0
1410632207,s4-eth1,375024.00,8728.00,383752.00,8728,375024,250.00,132.00,382.00,132,250,0.00,0.00,0,0
1410632207,s4-eth2,8728.00,371996.00,380724.00,371996,8728,132.00,248.00,380.00,248,132,0.00,0.00,0,0
1410632207,total,3373614.00,3460352.00,6833966.00,3460352,3373614,3391.00,3434.00,6825.00,3434,3391,0.00,0.00,0,0
1410632208,s1-eth1,1249938.00,27720.00,1277658.00,27720,1249938,827.00,420.00,1247.00,420,827,0.00,0.00,0,0
1410632208,s1-eth3,20394.00,919816.00,940210.00,919816,20394,309.00,608.00,917.00,608,309,0.00,0.00,0,0
1410632208,s1-eth2,7326.00,342164.00,349490.00,342164,7326,111.00,226.00,337.00,226,111,0.00,0.00,0,0
1410632208,s2-eth1,919816.00,20394.00,940210.00,20394,919816,608.00,309.00,917.00,309,608,0.00,0.00,0,0
1410632208,s2-eth3,14256.00,650324.00,664580.00,650324,14256,216.00,430.00,646.00,430,216,0.00,0.00,0,0
1410632208,s2-eth2,6072.00,272520.00,278592.00,272520,6072,92.00,180.00,272.00,180,92,0.00,0.00,0,0
1410632208,s3-eth1,650324.00,14256.00,664580.00,14256,650324,430.00,216.00,646.00,216,430,0.00,0.00,0,0
1410632208,s3-eth3,7854.00,358122.00,365976.00,358122,7854,119.00,237.00,356.00,237,119,0.00,0.00,0,0
1410632208,s3-eth2,6468.00,292202.00,298670.00,292202,6468,98.00,193.00,291.00,193,98,0.00,0.00,0,0
1410632208,eth0,0.00,0.00,0.00,0,0,0.00,0.00,0.00,0,0,0.00,0.00,0,0
1410632208,lo,0.00,0.00,0.00,0,0,0.00,0.00,0.00,0,0,0.00,0.00,0,0
1410632208,s4-eth1,358122.00,7854.00,365976.00,7854,358122,237.00,119.00,356.00,119,237,0.00,0.00,0,0
1410632208,s4-eth2,7854.00,358122.00,365976.00,358122,7854,119.00,237.00,356.00,237,119,0.00,0.00,0,0
1410632208,total,3248424.00,3263494.00,6511918.00,3263494,3248424,3166.00,3175.00,6341.00,3175,3166,0.00,0.00,0,0
1410632209,s1-eth1,1250187.88,27560.44,1277748.25,27588,1251438,826.17,417.58,1243.76,418,827,0.00,0.00,0,0
1410632209,s1-eth3,19318.68,875908.12,895226.81,876784,19338,292.71,579.42,872.13,580,293,0.00,0.00,0,0
1410632209,s1-eth2,8175.82,372071.94,380247.75,372444,8184,123.88,245.75,369.63,246,124,0.00,0.00,0,0
1410632209,s2-eth1,875908.12,19318.68,895226.81,19338,876784,579.42,292.71,872.13,293,580,0.00,0.00,0,0
1410632209,s2-eth3,13120.88,596097.94,609218.81,596694,13134,198.80,394.61,593.41,395,199,0.00,0.00,0,0
1410632209,s2-eth2,6197.80,279810.19,286008.00,280090,6204,93.91,184.82,278.72,185,94,0.00,0.00,0,0
1410632209,s3-eth1,596097.94,13120.88,609218.81,13134,596694,394.61,198.80,593.41,199,395,0.00,0.00,0,0
1410632209,s3-eth3,6329.67,289062.94,295392.62,289352,6336,95.90,191.81,287.71,192,96,0.00,0.00,0,0
1410632209,s3-eth2,6791.21,307034.97,313826.19,307342,6798,102.90,202.80,305.69,203,103,0.00,0.00,0,0
1410632209,eth0,0.00,0.00,0.00,0,0,0.00,0.00,0.00,0,0,0.00,0.00,0,0
1410632209,lo,0.00,0.00,0.00,0,0,0.00,0.00,0.00,0,0,0.00,0.00,0,0
1410632209,s4-eth1,289062.94,6329.67,295392.62,6336,289352,191.81,95.90,287.71,96,192,0.00,0.00,0,0
1410632209,s4-eth2,6329.67,289062.94,295392.62,289352,6336,95.90,191.81,287.71,192,96,0.00,0.00,0,0
1410632209,total,3077520.50,3075378.75,6152899.50,3078454,3080598,2996.00,2996.00,5992.01,2999,2999,0.00,0.00,0,0
1410632210,s1-eth1,1250686.00,27522.00,1278208.00,27522,1250686,827.00,417.00,1244.00,417,827,0.00,0.00,0,0
1410632210,s1-eth3,20328.00,925872.00,946200.00,925872,20328,308.00,612.00,920.00,612,308,0.00,0.00,0,0
1410632210,s1-eth2,7260.00,330052.00,337312.00,330052,7260,110.00,218.00,328.00,218,110,0.00,0.00,0,0
1410632210,s2-eth1,925872.00,20328.00,946200.00,20328,925872,612.00,308.00,920.00,308,612,0.00,0.00,0,0
1410632210,s2-eth3,14784.00,677576.00,692360.00,677576,14784,224.00,448.00,672.00,448,224,0.00,0.00,0,0
1410632210,s2-eth2,5544.00,248296.00,253840.00,248296,5544,84.00,164.00,248.00,164,84,0.00,0.00,0,0
1410632210,s3-eth1,677576.00,14784.00,692360.00,14784,677576,448.00,224.00,672.00,224,448,0.00,0.00,0,0
1410632210,s3-eth3,7458.00,349038.00,356496.00,349038,7458,113.00,231.00,344.00,231,113,0.00,0.00,0,0
1410632210,s3-eth2,7260.00,330052.00,337312.00,330052,7260,110.00,218.00,328.00,218,110,0.00,0.00,0,0
1410632210,eth0,0.00,1920.00,1920.00,1920,0,0.00,32.00,32.00,32,0,0.00,0.00,0,0
1410632210,lo,0.00,0.00,0.00,0,0,0.00,0.00,0.00,0,0,0.00,0.00,0,0
1410632210,s4-eth1,349038.00,7458.00,356496.00,7458,349038,231.00,113.00,344.00,113,231,0.00,0.00,0,0
1410632210,s4-eth2,7458.00,350674.00,358132.00,350674,7458,113.00,233.00,346.00,233,113,0.00,0.00,0,0
1410632210,total,3273264.00,3283572.00,6556836.00,3283572,3273264,3180.00,3218.00,6398.00,3218,3180,0.00,0.00,0,0
1410632211,s1-eth1,1251144.00,27720.00,1278864.00,27720,1251144,828.00,420.00,1248.00,420,828,0.00,0.00,0,0
1410632211,s1-eth3,19602.00,899200.00,918802.00,899200,19602,297.00,596.00,893.00,596,297,0.00,0.00,0,0
1410632211,s1-eth2,8052.00,367902.00,375954.00,367902,8052,122.00,243.00,365.00,243,122,0.00,0.00,0,0
1410632211,s2-eth1,899200.00,19602.00,918802.00,19602,899200,596.00,297.00,893.00,297,596,0.00,0.00,0,0
1410632211,s2-eth3,13332.00,603970.00,617302.00,603970,13332,202.00,401.00,603.00,401,202,0.00,0.00,0,0
1410632211,s2-eth2,6336.00,292202.00,298538.00,292202,6336,96.00,193.00,289.00,193,96,0.00,0.00,0,0
1410632211,s3-eth1,603970.00,13332.00,617302.00,13332,603970,401.00,202.00,603.00,202,401,0.00,0.00,0,0
1410632211,s3-eth3,6864.00,301530.00,308394.00,301530,6864,104.00,201.00,305.00,201,104,0.00,0.00,0,0
1410632211,s3-eth2,6534.00,300926.00,307460.00,300926,6534,99.00,199.00,298.00,199,99,0.00,0.00,0,0
1410632211,eth0,0.00,0.00,0.00,0,0,0.00,0.00,0.00,0,0,0.00,0.00,0,0
1410632211,lo,0.00,0.00,0.00,0,0,0.00,0.00,0.00,0,0,0.00,0.00,0,0
1410632211,s4-eth1,301530.00,6864.00,308394.00,6864,301530,201.00,104.00,305.00,104,201,0.00,0.00,0,0
1410632211,s4-eth2,6864.00,299894.00,306758.00,299894,6864,104.00,199.00,303.00,199,104,0.00,0.00,0,0
1410632211,total,3123428.00,3133142.00,6256570.00,3133142,3123428,3050.00,3055.00,6105.00,3055,3050,0.00,0.00,0,0
1410632212,s1-eth1,1251382.00,36576.00,1287958.00,36576,1251382,827.00,516.00,1343.00,516,827,0.00,0.00,0,0
1410632212,s1-eth3,26674.00,935652.00,962326.00,935652,26674,379.00,618.00,997.00,618,379,0.00,0.00,0,0
1410632212,s1-eth2,9902.00,286146.00,296048.00,286146,9902,137.00,189.00,326.00,189,137,0.00,0.00,0,0
1410632212,s2-eth1,935652.00,26674.00,962326.00,26674,935652,618.00,379.00,997.00,379,618,0.00,0.00,0,0
1410632212,s2-eth3,19480.00,602572.00,622052.00,602572,19480,270.00,398.00,668.00,398,270,0.00,0.00,0,0
1410632212,s2-eth2,7194.00,333080.00,340274.00,333080,7194,109.00,220.00,329.00,220,109,0.00,0.00,0,0
1410632212,s3-eth1,602572.00,19480.00,622052.00,19480,602572,398.00,270.00,668.00,270,398,0.00,0.00,0,0
1410632212,s3-eth3,8896.00,264950.00,273846.00,264950,8896,120.00,175.00,295.00,175,120,0.00,0.00,0,0
1410632212,s3-eth2,10518.00,337622.00,348140.00,337622,10518,149.00,223.00,372.00,223,149,0.00,0.00,0,0
1410632212,eth0,0.00,0.00,0.00,0,0,0.00,0.00,0.00,0,0,0.00,0.00,0,0
1410632212,lo,688.00,688.00,1376.00,688,688,12.00,12.00,24.00,12,12,0.00,0.00,0,0
1410632212,s4-eth1,264950.00,8896.00,273846.00,8896,264950,175.00,120.00,295.00,120,175,0.00,0.00,0,0
1410632212,s4-eth2,8896.00,267978.00,276874.00,267978,8896,120.00,177.00,297.00,177,120,0.00,0.00,0,0
1410632212,total,3146804.00,3120314.00,6267118.00,3120314,3146804,3314.00,3297.00,6611.00,3297,3314,0.00,0.00,0,0
1410632213,s1-eth1,1250467.62,27626.38,1278094.00,27654,1251718,826.17,418.58,1244.76,419,827,0.00,0.00,0,0
1410632213,s1-eth3,20637.36,960069.94,980707.31,961030,20658,312.69,634.37,947.05,635,313,0.00,0.00,0,0
1410632213,s1-eth2,7054.95,337284.72,344339.66,337622,7062,106.89,222.78,329.67,223,107,0.00,0.00,0,0
1410632213,s2-eth1,960069.94,20637.36,980707.31,20658,961030,634.37,312.69,947.05,313,635,0.00,0.00,0,0
1410632213,s2-eth3,12791.21,604995.00,617786.25,605600,12804,193.81,399.60,593.41,400,194,0.00,0.00,0,0
1410632213,s2-eth2,7780.22,359612.41,367392.62,359972,7788,117.88,237.76,355.64,238,118,0.00,0.00,0,0
1410632213,s3-eth1,604995.00,12791.21,617786.25,12804,605600,399.60,193.81,593.41,194,400,0.00,0.00,0,0
1410632213,s3-eth3,6659.34,314597.41,321256.75,314912,6666,100.90,207.79,308.69,208,101,0.00,0.00,0,0
1410632213,s3-eth2,6197.80,290397.62,296595.41,290688,6204,93.91,191.81,285.71,192,94,0.00,0.00,0,0
1410632213,eth0,0.00,0.00,0.00,0,0,0.00,0.00,0.00,0,0,0.00,0.00,0,0
1410632213,lo,0.00,0.00,0.00,0,0,0.00,0.00,0.00,0,0,0.00,0.00,0,0
1410632213,s4-eth1,314597.41,6659.34,321256.75,6666,314912,207.79,100.90,308.69,101,208,0.00,0.00,0,0
1410632213,s4-eth2,6659.34,311572.44,318231.78,311884,6666,100.90,205.79,306.69,206,101,0.00,0.00,0,0
1410632213,total,3197910.25,3246243.75,6444154.00,3249490,3201108,3094.91,3125.87,6220.78,3129,3098,0.00,0.00,0,0
1410632214,s1-eth1,1249924.00,34096.00,1284020.00,34096,1249924,826.00,488.00,1314.00,488,826,0.00,0.00,0,0
1410632214,s1-eth3,25236.00,1012516.00,1037752.00,1012516,25236,370.00,670.00,1040.00,670,370,0.00,0.00,0,0
1410632214,s1-eth2,8794.00,234670.00,243464.00,234670,8794,117.00,155.00,272.00,155,117,0.00,0.00,0,0
1410632214,s2-eth1,1012516.00,25236.00,1037752.00,25236,1012516,670.00,370.00,1040.00,370,670,0.00,0.00,0,0
1410632214,s2-eth3,14190.00,648282.00,662472.00,648282,14190,215.00,429.00,644.00,429,215,0.00,0.00,0,0
1410632214,s2-eth2,11112.00,359692.00,370804.00,359692,11112,156.00,238.00,394.00,238,156,0.00,0.00,0,0
1410632214,s3-eth1,648282.00,14190.00,662472.00,14190,648282,429.00,215.00,644.00,215,429,0.00,0.00,0,0
1410632214,s3-eth3,6600.00,298258.00,304858.00,298258,6600,100.00,197.00,297.00,197,100,0.00,0.00,0,0
1410632214,s3-eth2,7590.00,350024.00,357614.00,350024,7590,115.00,232.00,347.00,232,115,0.00,0.00,0,0
1410632214,eth0,0.00,0.00,0.00,0,0,0.00,0.00,0.00,0,0,0.00,0.00,0,0
1410632214,lo,0.00,0.00,0.00,0,0,0.00,0.00,0.00,0,0,0.00,0.00,0,0
1410632214,s4-eth1,298258.00,6600.00,304858.00,6600,298258,197.00,100.00,297.00,100,197,0.00,0.00,0,0
1410632214,s4-eth2,6600.00,298258.00,304858.00,298258,6600,100.00,197.00,297.00,197,100,0.00,0.00,0,0
1410632214,total,3289102.00,3281822.00,6570924.00,3281822,3289102,3295.00,3291.00,6586.00,3291,3295,0.00,0.00,0,0
1410632215,s1-eth1,1249894.12,30029.97,1279924.12,30060,1251144,827.17,445.55,1272.73,446,828,0.00,0.00,0,0
1410632215,s1-eth3,24293.71,953156.88,977450.56,954110,24318,358.64,630.37,989.01,631,359,0.00,0.00,0,0
1410632215,s1-eth2,5802.20,264685.31,270487.53,264950,5808,87.91,174.83,262.74,175,88,0.00,0.00,0,0
1410632215,s2-eth1,953156.88,24293.71,977450.56,24318,954110,630.37,358.64,989.01,359,631,0.00,0.00,0,0
1410632215,s2-eth3,15560.44,693009.00,708569.44,693702,15576,235.76,458.54,694.31,459,236,0.00,0.00,0,0
1410632215,s2-eth2,8667.33,264685.31,273352.66,264950,8676,121.88,174.83,296.70,175,122,0.00,0.00,0,0
1410632215,s3-eth1,693009.00,15560.44,708569.44,15576,693702,458.54,235.76,694.31,236,459,0.00,0.00,0,0
1410632215,s3-eth3,6857.14,305812.19,312669.34,306118,6864,103.90,202.80,306.69,203,104,0.00,0.00,0,0
1410632215,s3-eth2,8637.36,390221.78,398859.16,390612,8646,130.87,257.74,388.61,258,131,0.00,0.00,0,0
1410632215,eth0,0.00,0.00,0.00,0,0,0.00,0.00,0.00,0,0,0.00,0.00,0,0
1410632215,lo,0.00,0.00,0.00,0,0,0.00,0.00,0.00,0,0,0.00,0.00,0,0
1410632215,s4-eth1,305812.19,6857.14,312669.34,6864,306118,202.80,103.90,306.69,104,203,0.00,0.00,0,0
1410632215,s4-eth2,6857.14,305812.19,312669.34,306118,6864,103.90,202.80,306.69,203,104,0.00,0.00,0,0
1410632215,total,3278547.50,3254124.00,6532671.50,3257378,3281826,3261.74,3245.75,6507.49,3249,3265,0.00,0.00,0,0
1410632216,s1-eth1,1251438.00,28050.00,1279488.00,28050,1251438,827.00,425.00,1252.00,425,827,0.00,0.00,0,0
1410632216,s1-eth3,21318.00,960750.00,982068.00,960750,21318,323.00,635.00,958.00,635,323,0.00,0.00,0,0
1410632216,s1-eth2,6666.00,305828.00,312494.00,305828,6666,101.00,202.00,303.00,202,101,0.00,0.00,0,0
1410632216,s2-eth1,960750.00,21318.00,982068.00,21318,960750,635.00,323.00,958.00,323,635,0.00,0.00,0,0
1410632216,s2-eth3,15510.00,710940.00,726450.00,710940,15510,235.00,470.00,705.00,470,235,0.00,0.00,0,0
1410632216,s2-eth2,5874.00,249810.00,255684.00,249810,5874,89.00,165.00,254.00,165,89,0.00,0.00,0,0
1410632216,s3-eth1,710940.00,15510.00,726450.00,15510,710940,470.00,235.00,705.00,235,470,0.00,0.00,0,0
1410632216,s3-eth3,7788.00,357304.00,365092.00,357304,7788,118.00,236.00,354.00,236,118,0.00,0.00,0,0
1410632216,s3-eth2,7722.00,350608.00,358330.00,350608,7722,117.00,232.00,349.00,232,117,0.00,0.00,0,0
1410632216,eth0,0.00,0.00,0.00,0,0,0.00,0.00,0.00,0,0,0.00,0.00,0,0
1410632216,lo,0.00,0.00,0.00,0,0,0.00,0.00,0.00,0,0,0.00,0.00,0,0
1410632216,s4-eth1,357304.00,7788.00,365092.00,7788,357304,236.00,118.00,354.00,118,236,0.00,0.00,0,0
1410632216,s4-eth2,7788.00,357304.00,365092.00,357304,7788,118.00,236.00,354.00,236,118,0.00,0.00,0,0
1410632216,total,3353098.00,3365210.00,6718308.00,3365210,3353098,3269.00,3277.00,6546.00,3277,3269,0.00,0.00,0,0
1410632217,s1-eth1,1250742.00,27522.00,1278264.00,27522,1250742,827.00,417.00,1244.00,417,827,0.00,0.00,0,0
1410632217,s1-eth3,21252.00,967624.00,988876.00,967624,21252,322.00,640.00,962.00,640,322,0.00,0.00,0,0
1410632217,s1-eth2,6336.00,290688.00,297024.00,290688,6336,96.00,192.00,288.00,192,96,0.00,0.00,0,0
1410632217,s2-eth1,967624.00,21252.00,988876.00,21252,967624,640.00,322.00,962.00,322,640,0.00,0.00,0,0
1410632217,s2-eth3,14190.00,646656.00,660846.00,646656,14190,215.00,428.00,643.00,428,215,0.00,0.00,0,0
1410632217,s2-eth2,6996.00,319454.00,326450.00,319454,6996,106.00,211.00,317.00,211,106,0.00,0.00,0,0
1410632217,s3-eth1,646656.00,14190.00,660846.00,14190,646656,428.00,215.00,643.00,215,428,0.00,0.00,0,0
1410632217,s3-eth3,6732.00,305828.00,312560.00,305828,6732,102.00,202.00,304.00,202,102,0.00,0.00,0,0
1410632217,s3-eth2,7524.00,340828.00,348352.00,340828,7524,114.00,226.00,340.00,226,114,0.00,0.00,0,0
1410632217,eth0,0.00,0.00,0.00,0,0,0.00,0.00,0.00,0,0,0.00,0.00,0,0
1410632217,lo,688.00,688.00,1376.00,688,688,12.00,12.00,24.00,12,12,0.00,0.00,0,0
1410632217,s4-eth1,305828.00,6732.00,312560.00,6732,305828,202.00,102.00,304.00,102,202,0.00,0.00,0,0
1410632217,s4-eth2,6732.00,305828.00,312560.00,305828,6732,102.00,202.00,304.00,202,102,0.00,0.00,0,0
1410632217,total,3241300.00,3247290.00,6488590.00,3247290,3241300,3166.00,3169.00,6335.00,3169,3166,0.00,0.00,0,0
1410632218,s1-eth1,1250798.00,27588.00,1278386.00,27588,1250798,827.00,418.00,1245.00,418,827,0.00,0.00,0,0
1410632218,s1-eth3,21582.00,982820.00,1004402.00,982820,21582,327.00,650.00,977.00,650,327,0.00,0.00,0,0
1410632218,s1-eth2,5940.00,274034.00,279974.00,274034,5940,90.00,181.00,271.00,181,90,0.00,0.00,0,0
1410632218,s2-eth1,982820.00,21582.00,1004402.00,21582,982820,650.00,327.00,977.00,327,650,0.00,0.00,0,0
1410632218,s2-eth3,15642.00,708786.00,724428.00,708786,15642,237.00,469.00,706.00,469,237,0.00,0.00,0,0
1410632218,s2-eth2,6006.00,272520.00,278526.00,272520,6006,91.00,180.00,271.00,180,91,0.00,0.00,0,0
1410632218,s3-eth1,708786.00,15642.00,724428.00,15642,708786,469.00,237.00,706.00,237,469,0.00,0.00,0,0
1410632218,s3-eth3,6930.00,310604.00,317534.00,310604,6930,105.00,206.00,311.00,206,105,0.00,0.00,0,0
1410632218,s3-eth2,8646.00,401210.00,409856.00,401210,8646,131.00,265.00,396.00,265,131,0.00,0.00,0,0
1410632218,eth0,0.00,0.00,0.00,0,0,0.00,0.00,0.00,0,0,0.00,0.00,0,0
1410632218,lo,0.00,0.00,0.00,0,0,0.00,0.00,0.00,0,0,0.00,0.00,0,0
1410632218,s4-eth1,310604.00,6930.00,317534.00,6930,310604,206.00,105.00,311.00,105,206,0.00,0.00,0,0
1410632218,s4-eth2,6930.00,310604.00,317534.00,310604,6930,105.00,206.00,311.00,206,105,0.00,0.00,0,0
1410632218,total,3324684.00,3332320.00,6657004.00,3332320,3324684,3238.00,3244.00,6482.00,3244,3238,0.00,0.00,0,0
1410632219,s1-eth1,1250290.00,30420.00,1280710.00,30420,1250290,829.00,452.00,1281.00,452,829,0.00,0.00,0,0
1410632219,s1-eth3,22308.00,1002812.00,1025120.00,1002812,22308,338.00,666.00,1004.00,666,338,0.00,0.00,0,0
1410632219,s1-eth2,8178.00,236184.00,244362.00,236184,8178,115.00,156.00,271.00,156,115,0.00,0.00,0,0
1410632219,s2-eth1,1002812.00,22308.00,1025120.00,22308,1002812,666.00,338.00,1004.00,338,666,0.00,0.00,0,0
1410632219,s2-eth3,16170.00,730292.00,746462.00,730292,16170,245.00,486.00,731.00,486,245,0.00,0.00,0,0
1410632219,s2-eth2,6072.00,275548.00,281620.00,275548,6072,92.00,182.00,274.00,182,92,0.00,0.00,0,0
1410632219,s3-eth1,730292.00,16170.00,746462.00,16170,730292,486.00,245.00,731.00,245,486,0.00,0.00,0,0
1410632219,s3-eth3,8184.00,375716.00,383900.00,375716,8184,124.00,250.00,374.00,250,124,0.00,0.00,0,0
1410632219,s3-eth2,7986.00,353062.00,361048.00,353062,7986,121.00,235.00,356.00,235,121,0.00,0.00,0,0
1410632219,eth0,0.00,0.00,0.00,0,0,0.00,0.00,0.00,0,0,0.00,0.00,0,0
1410632219,lo,0.00,0.00,0.00,0,0,0.00,0.00,0.00,0,0,0.00,0.00,0,0
1410632219,s4-eth1,375716.00,8184.00,383900.00,8184,375716,250.00,124.00,374.00,124,250,0.00,0.00,0,0
1410632219,s4-eth2,8184.00,378744.00,386928.00,378744,8184,124.00,252.00,376.00,252,124,0.00,0.00,0,0
1410632219,total,3436192.00,3429440.00,6865632.00,3429440,3436192,3390.00,3386.00,6776.00,3386,3390,0.00,0.00,0,0
1410632220,s1-eth1,1249558.50,31406.59,1280965.12,31438,1250808,827.17,452.55,1279.72,453,828,0.00,0.00,0,0
1410632220,s1-eth3,24215.79,984056.00,1008271.75,985040,24240,349.65,651.35,1001.00,652,350,0.00,0.00,0,0
1410632220,s1-eth2,7124.88,273760.25,280885.12,274034,7132,101.90,180.82,282.72,181,102,0.00,0.00,0,0
1410632220,s2-eth1,984056.00,24215.79,1008271.75,24240,985040,651.35,349.65,1001.00,350,652,0.00,0.00,0,0
1410632220,s2-eth3,17820.18,680046.00,697866.12,680726,17838,252.75,450.55,703.30,451,253,0.00,0.00,0,0
1410632220,s2-eth2,6461.54,299472.53,305934.06,299772,6468,97.90,197.80,295.70,198,98,0.00,0.00,0,0
1410632220,s3-eth1,680046.00,17820.18,697866.12,17838,680726,450.55,252.75,703.30,253,451,0.00,0.00,0,0
1410632220,s3-eth3,8043.96,372889.12,380933.06,373262,8052,121.88,246.75,368.63,247,122,0.00,0.00,0,0
1410632220,s3-eth2,9842.16,305644.38,315486.53,305950,9852,131.87,202.80,334.67,203,132,0.00,0.00,0,0
1410632220,eth0,0.00,1918.08,1918.08,1920,0,0.00,31.97,31.97,32,0,0.00,0.00,0,0
1410632220,lo,0.00,0.00,0.00,0,0,0.00,0.00,0.00,0,0,0.00,0.00,0,0
1410632220,s4-eth1,372889.12,8043.96,380933.06,8052,373262,246.75,121.88,368.63,122,247,0.00,0.00,0,0
1410632220,s4-eth2,8043.96,369864.16,377908.09,370234,8052,121.88,244.76,366.63,245,122,0.00,0.00,0,0
1410632220,total,3368102.00,3369137.00,6737239.00,3372506,3371470,3353.65,3383.62,6737.26,3387,3357,0.00,0.00,0,0
1410632221,s1-eth1,1251560.00,42510.00,1294070.00,42510,1251560,828.00,559.00,1387.00,559,828,0.00,0.00,0,0
1410632221,s1-eth3,34130.00,1013984.00,1048114.00,1013984,34130,457.00,672.00,1129.00,672,457,0.00,0.00,0,0
1410632221,s1-eth2,8352.00,175624.00,183976.00,175624,8352,102.00,116.00,218.00,116,102,0.00,0.00,0,0
1410632221,s2-eth1,1013984.00,34130.00,1048114.00,34130,1013984,672.00,457.00,1129.00,457,672,0.00,0.00,0,0
1410632221,s2-eth3,24506.00,746006.00,770512.00,746006,24506,321.00,495.00,816.00,495,321,0.00,0.00,0,0
1410632221,s2-eth2,9624.00,293716.00,303340.00,293716,9624,136.00,194.00,330.00,194,136,0.00,0.00,0,0
1410632221,s3-eth1,746006.00,24506.00,770512.00,24506,746006,495.00,321.00,816.00,321,495,0.00,0.00,0,0
1410632221,s3-eth3,14470.00,379496.00,393966.00,379496,14470,183.00,252.00,435.00,252,183,0.00,0.00,0,0
1410632221,s3-eth2,9970.00,405178.00,415148.00,405178,9970,137.00,269.00,406.00,269,137,0.00,0.00,0,0
1410632221,eth0,0.00,0.00,0.00,0,0,0.00,0.00,0.00,0,0,0.00,0.00,0,0
1410632221,lo,0.00,0.00,0.00,0,0,0.00,0.00,0.00,0,0,0.00,0.00,0,0
1410632221,s4-eth1,379496.00,14470.00,393966.00,14470,379496,252.00,183.00,435.00,183,252,0.00,0.00,0,0
1410632221,s4-eth2,14470.00,381010.00,395480.00,381010,14470,183.00,253.00,436.00,253,183,0.00,0.00,0,0
1410632221,total,3506568.00,3510630.00,7017198.00,3510630,3506568,3766.00,3771.00,7537.00,3771,3766,0.00,0.00,0,0
1410632222,s1-eth1,1250112.00,31012.00,1281124.00,31012,1250112,828.00,458.00,1286.00,458,828,0.00,0.00,0,0
1410632222,s1-eth3,25086.00,1212958.00,1238044.00,1212958,25086,379.00,803.00,1182.00,803,379,0.00,0.00,0,0
1410632222,s1-eth2,5942.00,181680.00,187622.00,181680,5942,79.00,120.00,199.00,120,79,0.00,0.00,0,0
1410632222,s2-eth1,1212958.00,25086.00,1238044.00,25086,1212958,803.00,379.00,1182.00,379,803,0.00,0.00,0,0
1410632222,s2-eth3,18882.00,916214.00,935096.00,916214,18882,285.00,607.00,892.00,607,285,0.00,0.00,0,0
1410632222,s2-eth2,6138.00,275548.00,281686.00,275548,6138,93.00,182.00,275.00,182,93,0.00,0.00,0,0
1410632222,s3-eth1,916214.00,18882.00,935096.00,18882,916214,607.00,285.00,892.00,285,607,0.00,0.00,0,0
1410632222,s3-eth3,10038.00,476910.00,486948.00,476910,10038,151.00,315.00,466.00,315,151,0.00,0.00,0,0
1410632222,s3-eth2,8910.00,402150.00,411060.00,402150,8910,135.00,267.00,402.00,267,135,0.00,0.00,0,0
1410632222,eth0,0.00,0.00,0.00,0,0,0.00,0.00,0.00,0,0,0.00,0.00,0,0
1410632222,lo,688.00,688.00,1376.00,688,688,12.00,12.00,24.00,12,12,0.00,0.00,0,0
1410632222,s4-eth1,476910.00,10038.00,486948.00,10038,476910,315.00,151.00,466.00,151,315,0.00,0.00,0,0
1410632222,s4-eth2,10038.00,475396.00,485434.00,475396,10038,151.00,314.00,465.00,314,151,0.00,0.00,0,0
1410632222,total,3941916.00,4026562.00,7968478.00,4026562,3941916,3838.00,3893.00,7731.00,3893,3838,0.00,0.00,0,0
1410632223,s1-eth1,1250864.00,33204.00,1284068.00,33204,1250864,828.00,474.00,1302.00,474,828,0.00,0.00,0,0
1410632223,s1-eth3,28108.00,1110118.00,1138226.00,1110118,28108,406.00,735.00,1141.00,735,406,0.00,0.00,0,0
1410632223,s1-eth2,5108.00,146858.00,151966.00,146858,5108,68.00,97.00,165.00,97,68,0.00,0.00,0,0
1410632223,s2-eth1,1110118.00,28108.00,1138226.00,28108,1110118,735.00,406.00,1141.00,406,735,0.00,0.00,0,0
1410632223,s2-eth3,20452.00,754328.00,774780.00,754328,20452,290.00,500.00,790.00,500,290,0.00,0.00,0,0
1410632223,s2-eth2,7722.00,352762.00,360484.00,352762,7722,117.00,233.00,350.00,233,117,0.00,0.00,0,0
1410632223,s3-eth1,754328.00,20452.00,774780.00,20452,754328,500.00,290.00,790.00,290,500,0.00,0.00,0,0
1410632223,s3-eth3,10956.00,505214.00,516170.00,505214,10956,166.00,335.00,501.00,335,166,0.00,0.00,0,0
1410632223,s3-eth2,9430.00,249114.00,258544.00,249114,9430,123.00,165.00,288.00,165,123,0.00,0.00,0,0
1410632223,eth0,0.00,0.00,0.00,0,0,0.00,0.00,0.00,0,0,0.00,0.00,0,0
1410632223,lo,0.00,0.00,0.00,0,0,0.00,0.00,0.00,0,0,0.00,0.00,0,0
1410632223,s4-eth1,505214.00,10956.00,516170.00,10956,505214,335.00,166.00,501.00,166,335,0.00,0.00,0,0
1410632223,s4-eth2,10956.00,508242.00,519198.00,508242,10956,166.00,337.00,503.00,337,166,0.00,0.00,0,0
1410632223,total,3713256.00,3719356.00,7432612.00,3719356,3713256,3734.00,3738.00,7472.00,3738,3734,0.00,0.00,0,0
1410632224,s1-eth1,1250784.00,35402.00,1286186.00,35402,1250784,828.00,511.00,1339.00,511,828,0.00,0.00,0,0
1410632224,s1-eth3,30942.00,1084926.00,1115868.00,1084926,30942,449.00,719.00,1168.00,719,449,0.00,0.00,0,0
1410632224,s1-eth2,4526.00,134788.00,139314.00,134788,4526,63.00,90.00,153.00,90,63,0.00,0.00,0,0
1410632224,s2-eth1,1084926.00,30942.00,1115868.00,30942,1084926,719.00,449.00,1168.00,449,719,0.00,0.00,0,0
1410632224,s2-eth3,21846.00,826168.00,848014.00,826168,21846,321.00,548.00,869.00,548,321,0.00,0.00,0,0
1410632224,s2-eth2,9030.00,261786.00,270816.00,261786,9030,127.00,173.00,300.00,173,127,0.00,0.00,0,0
1410632224,s3-eth1,826168.00,21846.00,848014.00,21846,826168,548.00,321.00,869.00,321,548,0.00,0.00,0,0
1410632224,s3-eth3,12012.00,535316.00,547328.00,535316,12012,182.00,354.00,536.00,354,182,0.00,0.00,0,0
1410632224,s3-eth2,9900.00,289338.00,299238.00,289338,9900,140.00,193.00,333.00,193,140,0.00,0.00,0,0
1410632224,eth0,0.00,0.00,0.00,0,0,0.00,0.00,0.00,0,0,0.00,0.00,0,0
1410632224,lo,2264.00,2264.00,4528.00,2264,2264,22.00,22.00,44.00,22,22,0.00,0.00,0,0
1410632224,s4-eth1,535316.00,12012.00,547328.00,12012,535316,354.00,182.00,536.00,182,354,0.00,0.00,0,0
1410632224,s4-eth2,12012.00,532288.00,544300.00,532288,12012,182.00,352.00,534.00,352,182,0.00,0.00,0,0
1410632224,total,3799726.00,3767076.00,7566802.00,3767076,3799726,3935.00,3914.00,7849.00,3914,3935,0.00,0.00,0,0
1410632225,s1-eth1,1250158.00,28002.00,1278160.00,28002,1250158,831.00,425.00,1256.00,425,831,0.00,0.00,0,0
1410632225,s1-eth3,24900.00,1141066.00,1165966.00,1141066,24900,378.00,757.00,1135.00,757,378,0.00,0.00,0,0
1410632225,s1-eth2,3036.00,140802.00,143838.00,140802,3036,46.00,93.00,139.00,93,46,0.00,0.00,0,0
1410632225,s2-eth1,1141066.00,24900.00,1165966.00,24900,1141066,757.00,378.00,1135.00,378,757,0.00,0.00,0,0
1410632225,s2-eth3,17862.00,815514.00,833376.00,815514,17862,271.00,541.00,812.00,541,271,0.00,0.00,0,0
1410632225,s2-eth2,7038.00,322524.00,329562.00,322524,7038,107.00,214.00,321.00,214,107,0.00,0.00,0,0
1410632225,s3-eth1,815514.00,17862.00,833376.00,17862,815514,541.00,271.00,812.00,271,541,0.00,0.00,0,0
1410632225,s3-eth3,10998.00,506658.00,517656.00,506658,10998,167.00,337.00,504.00,337,167,0.00,0.00,0,0
1410632225,s3-eth2,6798.00,310370.00,317168.00,310370,6798,103.00,205.00,308.00,205,103,0.00,0.00,0,0
1410632225,eth0,0.00,0.00,0.00,0,0,0.00,0.00,0.00,0,0,0.00,0.00,0,0
1410632225,lo,3552.00,3552.00,7104.00,3552,3552,36.00,36.00,72.00,36,36,0.00,0.00,0,0
1410632225,s4-eth1,506658.00,10998.00,517656.00,10998,506658,337.00,167.00,504.00,167,337,0.00,0.00,0,0
1410632225,s4-eth2,10998.00,509686.00,520684.00,509686,10998,167.00,339.00,506.00,339,167,0.00,0.00,0,0
1410632225,total,3798578.00,3831934.00,7630512.00,3831934,3798578,3741.00,3763.00,7504.00,3763,3741,0.00,0.00,0,0
1410632226,s1-eth1,1250686.00,27786.00,1278472.00,27786,1250686,827.00,421.00,1248.00,421,827,0.00,0.00,0,0
1410632226,s1-eth3,24750.00,1118328.00,1143078.00,1118328,24750,375.00,740.00,1115.00,740,375,0.00,0.00,0,0
1410632226,s1-eth2,3102.00,133232.00,136334.00,133232,3102,47.00,88.00,135.00,88,47,0.00,0.00,0,0
1410632226,s2-eth1,1118328.00,24750.00,1143078.00,24750,1118328,740.00,375.00,1115.00,375,740,0.00,0.00,0,0
1410632226,s2-eth3,17754.00,798874.00,816628.00,798874,17754,269.00,529.00,798.00,529,269,0.00,0.00,0,0
1410632226,s2-eth2,6996.00,319454.00,326450.00,319454,6996,106.00,211.00,317.00,211,106,0.00,0.00,0,0
1410632226,s3-eth1,798874.00,17754.00,816628.00,17754,798874,529.00,269.00,798.00,269,529,0.00,0.00,0,0
1410632226,s3-eth3,11352.00,511214.00,522566.00,511214,11352,172.00,339.00,511.00,339,172,0.00,0.00,0,0
1410632226,s3-eth2,6402.00,289174.00,295576.00,289174,6402,97.00,191.00,288.00,191,97,0.00,0.00,0,0
1410632226,eth0,0.00,0.00,0.00,0,0,0.00,0.00,0.00,0,0,0.00,0.00,0,0
1410632226,lo,0.00,0.00,0.00,0,0,0.00,0.00,0.00,0,0,0.00,0.00,0,0
1410632226,s4-eth1,511214.00,11352.00,522566.00,11352,511214,339.00,172.00,511.00,172,339,0.00,0.00,0,0
1410632226,s4-eth2,11352.00,509700.00,521052.00,509700,11352,172.00,338.00,510.00,338,172,0.00,0.00,0,0
1410632226,total,3760810.00,3761618.00,7522428.00,3761618,3760810,3673.00,3673.00,7346.00,3673,3673,0.00,0.00,0,0
1410632227,s1-eth1,1249614.38,27890.11,1277504.50,27918,1250864,827.17,422.58,1249.75,423,828,0.00,0.00,0,0
1410632227,s1-eth3,24527.47,1102030.00,1126557.50,1103132,24552,371.63,729.27,1100.90,730,372,0.00,0.00,0,0
1410632227,s1-eth2,3296.70,140661.34,143958.05,140802,3300,49.95,92.91,142.86,93,50,0.00,0.00,0,0
1410632227,s2-eth1,1102030.00,24527.47,1126557.50,24552,1103132,729.27,371.63,1100.90,372,730,0.00,0.00,0,0
1410632227,s2-eth3,17340.66,775332.69,792673.38,776108,17358,262.74,513.49,776.22,514,263,0.00,0.00,0,0
1410632227,s2-eth2,7252.75,328209.81,335462.53,328538,7260,109.89,216.78,326.67,217,110,0.00,0.00,0,0
1410632227,s3-eth1,775332.69,17340.66,792673.38,17358,776108,513.49,262.74,776.22,263,514,0.00,0.00,0,0
1410632227,s3-eth3,10945.06,483422.59,494367.66,483906,10956,165.83,320.68,486.51,321,166,0.00,0.00,0,0
1410632227,s3-eth2,6461.54,288885.12,295346.66,289174,6468,97.90,190.81,288.71,191,98,0.00,0.00,0,0
1410632227,eth0,0.00,0.00,0.00,0,0,0.00,0.00,0.00,0,0,0.00,0.00,0,0
1410632227,lo,0.00,0.00,0.00,0,0,0.00,0.00,0.00,0,0,0.00,0.00,0,0
1410632227,s4-eth1,483422.59,10945.06,494367.66,10956,483906,320.68,165.83,486.51,166,321,0.00,0.00,0,0
1410632227,s4-eth2,10945.06,481910.09,492855.16,482392,10956,165.83,319.68,485.51,320,166,0.00,0.00,0,0
1410632227,total,3691169.00,3681155.00,7372324.00,3684836,3694860,3614.39,3606.39,7220.78,3610,3618,0.00,0.00,0,0
1410632228,s1-eth1,1250686.00,27720.00,1278406.00,27720,1250686,827.00,420.00,1247.00,420,827,0.00,0.00,0,0
1410632228,s1-eth3,24684.00,1123510.00,1148194.00,1123510,24684,374.00,743.00,1117.00,743,374,0.00,0.00,0,0
1410632228,s1-eth2,3102.00,137774.00,140876.00,137774,3102,47.00,91.00,138.00,91,47,0.00,0.00,0,0
1410632228,s2-eth1,1123510.00,24684.00,1148194.00,24684,1123510,743.00,374.00,1117.00,374,743,0.00,0.00,0,0
1410632228,s2-eth3,16896.00,769234.00,786130.00,769234,16896,256.00,509.00,765.00,509,256,0.00,0.00,0,0
1410632228,s2-eth2,7788.00,351248.00,359036.00,351248,7788,118.00,232.00,350.00,232,118,0.00,0.00,0,0
1410632228,s3-eth1,769234.00,16896.00,786130.00,16896,769234,509.00,256.00,765.00,256,509,0.00,0.00,0,0
1410632228,s3-eth3,10230.00,464920.00,475150.00,464920,10230,155.00,308.00,463.00,308,155,0.00,0.00,0,0
1410632228,s3-eth2,6666.00,304314.00,310980.00,304314,6666,101.00,201.00,302.00,201,101,0.00,0.00,0,0
1410632228,eth0,0.00,0.00,0.00,0,0,0.00,0.00,0.00,0,0,0.00,0.00,0,0
1410632228,lo,0.00,0.00,0.00,0,0,0.00,0.00,0.00,0,0,0.00,0.00,0,0
1410632228,s4-eth1,464920.00,10230.00,475150.00,10230,464920,308.00,155.00,463.00,155,308,0.00,0.00,0,0
1410632228,s4-eth2,10230.00,464920.00,475150.00,464920,10230,155.00,308.00,463.00,308,155,0.00,0.00,0,0
1410632228,total,3687946.00,3695450.00,7383396.00,3695450,3687946,3593.00,3597.00,7190.00,3597,3593,0.00,0.00,0,0
1410632229,s1-eth1,1251840.00,30510.00,1282350.00,30510,1251840,828.00,451.00,1279.00,451,828,0.00,0.00,0,0
1410632229,s1-eth3,24750.00,1141440.00,1166190.00,1141440,24750,375.00,756.00,1131.00,756,375,0.00,0.00,0,0
1410632229,s1-eth2,5694.00,122634.00,128328.00,122634,5694,75.00,81.00,156.00,81,75,0.00,0.00,0,0
1410632229,s2-eth1,1141440.00,24750.00,1166190.00,24750,1141440,756.00,375.00,1131.00,375,756,0.00,0.00,0,0
1410632229,s2-eth3,17226.00,794332.00,811558.00,794332,17226,261.00,526.00,787.00,526,261,0.00,0.00,0,0
1410632229,s2-eth2,7524.00,348622.00,356146.00,348622,7524,114.00,231.00,345.00,231,114,0.00,0.00,0,0
1410632229,s3-eth1,794332.00,17226.00,811558.00,17226,794332,526.00,261.00,787.00,261,526,0.00,0.00,0,0
1410632229,s3-eth3,10164.00,461252.00,471416.00,461252,10164,154.00,306.00,460.00,306,154,0.00,0.00,0,0
1410632229,s3-eth2,7062.00,333080.00,340142.00,333080,7062,107.00,220.00,327.00,220,107,