1410632240,s1-eth1,0.00,0.00,0.00,0,0,0.00,0.00,0.00,0,0,0.00,0.00,0,0
1410632240,s1-eth3,0.00,0.00,0.00,0,0,0.00,0.00,0.00,0,0,0.00,0.00,0,0
1410632240,s1-eth2,0.00,0.00,0.00,0,0,0.00,0.00,0.00,0,0,0.00,0.00,0,0
1410632240,s2-eth1,0.00,0.00,0.00,0,0,0.00,0.00,0.00,0,0,0.00,0.00,0,0
1410632240,s2-eth3,0.00,0.00,0.00,0,0,0.00,0.00,0.00,0,0,0.00,0.00,0,0
1410632240,s2-eth2,0.00,0.00,0.00,0,0,0.00,0.00,0.00,0,0,0.00,0.00,0,0
1410632240,s3-eth1,0.00,0.00,0.00,0,0,0.00,0.00,0.00,0,0,0.00,0.00,0,0
1410632240,s3-eth3,0.00,0.00,0.00,0,0,0.00,0.00,0.00,0,0,0.00,0.00,0,0
1410632240,s3-eth2,0.00,0.00,0.00,0,0,0.00,0.00,0.00,0,0,0.00,0.00,0,0
1410632240,eth0,0.00,0.00,0.00,0,0,0.00,0.00,0.00,0,0,0.00,0.00,0,0
1410632240,lo,0.00,0.00,0.00,0,0,0.00,0.00,0.00,0,0,0.00,0.00,0,0
1410632240,s4-eth1,0.00,0.00,0.00,0,0,0.00,0.00,0.00,0,0,0.00,0.00,0,0
1410632240,s4-eth3,0.00,0.00,0.00,0,0,0.00,0.00,0.00,0,0,0.00,0.00,0,0
1410632240,s4-eth2,0.00,0.00,0.00,0,0,0.00,0.00,0.00,0,0,0.00,0.00,0,0
1410632240,s5-eth1,0.00,0.00,0.00,0,0,0.00,0.00,0.00,0,0,0.00,0.00,0,0
1410632240,s5-eth2,0.00,0.00,0.00,0,0,0.00,0.00,0.00,0,0,0.00,0.00,0,0
1410632240,total,0.00,0.00,0.00,0,0,0.00,0.00,0.00,0,0,0.00,0.00,0,0
1410632241,s1-eth1,1250831.25,29100.90,1279932.12,29130,1252082,832.17,440.56,1272.73,441,833,0.00,0.00,0,0
1410632241,s1-eth3,22201.80,961007.00,983208.81,961968,22224,335.66,639.36,975.03,640,336,0.00,0.00,0,0
1410632241,s1-eth2,7102.90,301196.81,308299.72,301498,7110,106.89,200.80,307.69,201,107,0.00,0.00,0,0
1410632241,s2-eth1,961007.00,22201.80,983208.81,22224,961968,639.36,335.66,975.03,336,640,0.00,0.00,0,0
1410632241,s2-eth3,16819.18,718797.25,735616.38,719516,16836,253.75,477.52,731.27,478,254,0.00,0.00,0,0
1410632241,s2-eth2,5586.41,239184.83,244771.23,239424,5592,83.92,159.84,243.76,160,84,0.00,0.00,0,0
1410632241,s3-eth1,718797.25,16819.18,735616.38,16836,719516,477.52,253.75,731.27,254,478,0.00,0.00,0,0
1410632241,s3-eth3,11676.32,487264.75,498941.06,487752,11688,175.82,323.68,499.50,324,176,0.00,0.00,0,0
1410632241,s3-eth2,5412.59,231532.47,236945.06,231764,5418,80.92,153.85,234.77,154,81,0.00,0.00,0,0
1410632241,eth0,0.00,0.00,0.00,0,0,0.00,0.00,0.00,0,0,0.00,0.00,0,0
1410632241,lo,4315.68,4315.68,8631.37,4320,4320,44.96,44.96,89.91,45,45,0.00,0.00,0,0
1410632241,s4-eth1,487264.75,11676.32,498941.06,11688,487752,323.68,175.82,499.50,176,324,0.00,0.00,0,0
1410632241,s4-eth3,6467.53,261782.22,268249.75,262044,6474,96.90,173.83,270.73,174,97,0.00,0.00,0,0
1410632241,s4-eth2,5478.52,225482.53,230961.05,225708,5484,81.92,149.85,231.77,150,82,0.00,0.00,0,0
1410632241,s5-eth1,261782.22,6467.53,268249.75,6474,262044,173.83,96.90,270.73,97,174,0.00,0.00,0,0
1410632241,s5-eth2,6467.53,261782.22,268249.75,262044,6474,96.90,173.83,270.73,174,97,0.00,0.00,0,0
1410632241,total,3771211.00,3778611.50,7549822.50,3782390,3774982,3804.20,3800.20,7604.40,3804,3808,0.00,0.00,0,0
1410632242,s1-eth1,1249698.00,28578.00,1278276.00,28578,1249698,831.00,433.00,1264.00,433,831,0.00,0.00,0,0
1410632242,s1-eth3,22180.00,984588.00,1006768.00,984588,22180,336.00,654.00,990.00,654,336,0.00,0.00,0,0
1410632242,s1-eth2,6468.00,286338.00,292806.00,286338,6468,98.00,191.00,289.00,191,98,0.00,0.00,0,0
1410632242,s2-eth1,984588.00,22180.00,1006768.00,22180,984588,654.00,336.00,990.00,336,654,0.00,0.00,0,0
1410632242,s2-eth3,17296.00,768782.00,786078.00,768782,17296,262.00,511.00,773.00,511,262,0.00,0.00,0,0
1410632242,s2-eth2,5020.00,231764.00,236784.00,231764,5020,76.00,154.00,230.00,154,76,0.00,0.00,0,0
1410632242,s3-eth1,768782.00,17296.00,786078.00,17296,768782,511.00,262.00,773.00,262,511,0.00,0.00,0,0
1410632242,s3-eth3,11686.00,518032.00,529718.00,518032,11686,177.00,344.00,521.00,344,177,0.00,0.00,0,0
1410632242,s3-eth2,5680.00,250750.00,256430.00,250750,5680,86.00,167.00,253.00,167,86,0.00,0.00,0,0
1410632242,eth0,0.00,0.00,0.00,0,0,0.00,0.00,0.00,0,0,0.00,0.00,0,0
1410632242,lo,1340.00,1340.00,2680.00,1340,1340,15.00,15.00,30.00,15,15,0.00,0.00,0,0
1410632242,s4-eth1,518032.00,11686.00,529718.00,11686,518032,344.00,177.00,521.00,177,344,0.00,0.00,0,0
1410632242,s4-eth3,6208.00,269614.00,275822.00,269614,6208,94.00,179.00,273.00,179,94,0.00,0.00,0,0
1410632242,s4-eth2,5548.00,248418.00,253966.00,248418,5548,84.00,165.00,249.00,165,84,0.00,0.00,0,0
1410632242,s5-eth1,269614.00,6208.00,275822.00,6208,269614,179.00,94.00,273.00,94,179,0.00,0.00,0,0
1410632242,s5-eth2,6208.00,269614.00,275822.00,269614,6208,94.00,179.00,273.00,179,94,0.00,0.00,0,0
1410632242,total,3878348.00,3915188.00,7793536.00,3915188,3878348,3841.00,3861.00,7702.00,3861,3841,0.00,0.00,0,0
1410632243,s1-eth1,1251314.00,28714.00,1280028.00,28714,1251314,833.00,435.00,1268.00,435,833,0.00,0.00,0,0
1410632243,s1-eth3,22576.00,986260.00,1008836.00,986260,22576,342.00,658.00,1000.00,658,342,0.00,0.00,0,0
1410632243,s1-eth2,6554.00,277184.00,283738.00,277184,6554,99.00,184.00,283.00,184,99,0.00,0.00,0,0
1410632243,s2-eth1,986260.00,22576.00,1008836.00,22576,986260,658.00,342.00,1000.00,342,658,0.00,0.00,0,0
1410632243,s2-eth3,16772.00,736258.00,753030.00,736258,16772,254.00,491.00,745.00,491,254,0.00,0.00,0,0
1410632243,s2-eth2,6088.00,250698.00,256786.00,250698,6088,92.00,167.00,259.00,167,92,0.00,0.00,0,0
1410632243,s3-eth1,736258.00,16772.00,753030.00,16772,736258,491.00,254.00,745.00,254,491,0.00,0.00,0,0
1410632243,s3-eth3,11628.00,503728.00,515356.00,503728,11628,176.00,336.00,512.00,336,176,0.00,0.00,0,0
1410632243,s3-eth2,5428.00,234044.00,239472.00,234044,5428,82.00,156.00,238.00,156,82,0.00,0.00,0,0
1410632243,eth0,0.00,0.00,0.00,0,0,0.00,0.00,0.00,0,0,0.00,0.00,0,0
1410632243,lo,6700.00,6700.00,13400.00,6700,6700,75.00,75.00,150.00,75,75,0.00,0.00,0,0
1410632243,s4-eth1,503728.00,11628.00,515356.00,11628,503728,336.00,176.00,512.00,176,336,0.00,0.00,0,0
1410632243,s4-eth3,6748.00,284006.00,290754.00,284006,6748,102.00,189.00,291.00,189,102,0.00,0.00,0,0
1410632243,s4-eth2,5230.00,221236.00,226466.00,221236,5230,79.00,148.00,227.00,148,79,0.00,0.00,0,0
1410632243,s5-eth1,284006.00,6748.00,290754.00,6748,284006,189.00,102.00,291.00,102,189,0.00,0.00,0,0
1410632243,s5-eth2,6682.00,287034.00,293716.00,287034,6682,101.00,191.00,292.00,191,101,0.00,0.00,0,0
1410632243,total,3855972.00,3873586.00,7729558.00,3873586,3855972,3909.00,3904.00,7813.00,3904,3909,0.00,0.00,0,0
1410632244,s1-eth1,1250374.00,28908.00,1279282.00,28908,1250374,831.00,438.00,1269.00,438,831,0.00,0.00,0,0
1410632244,s1-eth3,22542.00,1023876.00,1046418.00,1023876,22542,343.00,682.00,1025.00,682,343,0.00,0.00,0,0
1410632244,s1-eth2,6636.00,281894.00,288530.00,281894,6636,102.00,191.00,293.00,191,102,0.00,0.00,0,0
1410632244,s2-eth1,1023876.00,22542.00,1046418.00,22542,1023876,682.00,343.00,1025.00,343,682,0.00,0.00,0,0
1410632244,s2-eth3,17148.00,771818.00,788966.00,771818,17148,262.00,517.00,779.00,517,262,0.00,0.00,0,0
1410632244,s2-eth2,5712.00,275020.00,280732.00,275020,5712,88.00,186.00,274.00,186,88,0.00,0.00,0,0
1410632244,s3-eth1,771818.00,17148.00,788966.00,17148,771818,517.00,262.00,779.00,262,517,0.00,0.00,0,0
1410632244,s3-eth3,11736.00,548498.00,560234.00,548498,11736,180.00,369.00,549.00,369,180,0.00,0.00,0,0
1410632244,s3-eth2,5580.00,247072.00,252652.00,247072,5580,86.00,168.00,254.00,168,86,0.00,0.00,0,0
1410632244,eth0,0.00,0.00,0.00,0,0,0.00,0.00,0.00,0,0,0.00,0.00,0,0
1410632244,lo,16096.00,16096.00,32192.00,16096,16096,148.00,148.00,296.00,148,148,0.00,0.00,0,0
1410632244,s4-eth1,548498.00,11736.00,560234.00,11736,548498,369.00,180.00,549.00,180,369,0.00,0.00,0,0
1410632244,s4-eth3,5844.00,264478.00,270322.00,264478,5844,90.00,179.00,269.00,179,90,0.00,0.00,0,0
1410632244,s4-eth2,5976.00,284104.00,290080.00,284104,5976,92.00,192.00,284.00,192,92,0.00,0.00,0,0
1410632244,s5-eth1,264478.00,5844.00,270322.00,5844,264478,179.00,90.00,269.00,90,179,0.00,0.00,0,0
1410632244,s5-eth2,5844.00,264478.00,270322.00,264478,5844,90.00,179.00,269.00,179,90,0.00,0.00,0,0
1410632244,total,3962158.00,4063512.00,8025670.00,4063512,3962158,4059.00,4124.00,8183.00,4124,4059,0.00,0.00,0,0
1410632245,s1-eth1,1251320.00,39464.00,1290784.00,39464,1251320,832.00,536.00,1368.00,536,832,0.00,0.00,0,0
1410632245,s1-eth3,34654.00,1127868.00,1162522.00,1127868,34654,483.00,750.00,1233.00,750,483,0.00,0.00,0,0
1410632245,s1-eth2,4966.00,49962.00,54928.00,49962,4966,55.00,33.00,88.00,33,55,0.00,0.00,0,0
1410632245,s2-eth1,1127868.00,34654.00,1162522.00,34654,1127868,750.00,483.00,1233.00,483,750,0.00,0.00,0,0
1410632245,s2-eth3,25216.00,829366.00,854582.00,829366,25216,340.00,551.00,891.00,551,340,0.00,0.00,0,0
1410632245,s2-eth2,9528.00,398426.00,407954.00,398426,9528,144.00,265.00,409.00,265,144,0.00,0.00,0,0
1410632245,s3-eth1,829366.00,25216.00,854582.00,25216,829366,551.00,340.00,891.00,340,551,0.00,0.00,0,0
1410632245,s3-eth3,17928.00,604330.00,622258.00,604330,17928,248.00,401.00,649.00,401,248,0.00,0.00,0,0
1410632245,s3-eth2,7444.00,199938.00,207382.00,199938,7444,94.00,133.00,227.00,133,94,0.00,0.00,0,0
1410632245,eth0,0.00,0.00,0.00,0,0,0.00,0.00,0.00,0,0,0.00,0.00,0,0
1410632245,lo,1440.00,1440.00,2880.00,1440,1440,15.00,15.00,30.00,15,15,0.00,0.00,0,0
1410632245,s4-eth1,604330.00,17928.00,622258.00,17928,604330,401.00,248.00,649.00,248,401,0.00,0.00,0,0
1410632245,s4-eth3,10338.00,274852.00,285190.00,274852,10338,133.00,182.00,315.00,182,133,0.00,0.00,0,0
1410632245,s4-eth2,7614.00,327964.00,335578.00,327964,7614,115.00,218.00,333.00,218,115,0.00,0.00,0,0
1410632245,s5-eth1,274852.00,10338.00,285190.00,10338,274852,182.00,133.00,315.00,133,182,0.00,0.00,0,0
1410632245,s5-eth2,10404.00,271824.00,282228.00,271824,10404,134.00,180.00,314.00,180,134,0.00,0.00,0,0
1410632245,total,4217268.00,4213570.00,8430838.00,4213570,4217268,4477.00,4468.00,8945.00,4468,4477,0.00,0.00,0,0
1410632246,s1-eth1,1249990.00,29052.00,1279042.00,29052,1249990,827.00,440.00,1267.00,440,827,0.00,0.00,0,0
1410632246,s1-eth3,27064.00,1251020.00,1278084.00,1251020,27064,410.00,830.00,1240.00,830,410,0.00,0.00,0,0
1410632246,s1-eth2,2082.00,130274.00,132356.00,130274,2082,31.00,87.00,118.00,87,31,0.00,0.00,0,0
1410632246,s2-eth1,1251020.00,27064.00,1278084.00,27064,1251020,830.00,410.00,1240.00,410,830,0.00,0.00,0,0
1410632246,s2-eth3,19012.00,850384.00,869396.00,850384,19012,288.00,564.00,852.00,564,288,0.00,0.00,0,0
1410632246,s2-eth2,8212.00,356730.00,364942.00,356730,8212,124.00,237.00,361.00,237,124,0.00,0.00,0,0
1410632246,s3-eth1,850384.00,19012.00,869396.00,19012,850384,564.00,288.00,852.00,288,564,0.00,0.00,0,0
1410632246,s3-eth3,13468.00,602088.00,615556.00,602088,13468,204.00,400.00,604.00,400,204,0.00,0.00,0,0
1410632246,s3-eth2,5638.00,258894.00,264532.00,258894,5638,85.00,171.00,256.00,171,85,0.00,0.00,0,0
1410632246,eth0,0.00,0.00,0.00,0,0,0.00,0.00,0.00,0,0,0.00,0.00,0,0
1410632246,lo,2780.00,2780.00,5560.00,2780,2780,30.00,30.00,60.00,30,30,0.00,0.00,0,0
1410632246,s4-eth1,602088.00,13468.00,615556.00,13468,602088,400.00,204.00,604.00,204,400,0.00,0.00,0,0
1410632246,s4-eth3,5218.00,240816.00,246034.00,240816,5218,79.00,160.00,239.00,160,79,0.00,0.00,0,0
1410632246,s4-eth2,8410.00,361272.00,369682.00,361272,8410,127.00,240.00,367.00,240,127,0.00,0.00,0,0
1410632246,s5-eth1,240816.00,5218.00,246034.00,5218,240816,160.00,79.00,239.00,79,160,0.00,0.00,0,0
1410632246,s5-eth2,5218.00,240816.00,246034.00,240816,5218,79.00,160.00,239.00,160,79,0.00,0.00,0,0
1410632246,total,4291400.00,4388888.00,8680288.00,4388888,4291400,4238.00,4300.00,8538.00,4300,4238,0.00,0.00,0,0
1410632247,s1-eth1,1251426.00,46954.00,1298380.00,46954,1251426,835.00,603.00,1438.00,603,835,0.00,0.00,0,0
1410632247,s1-eth3,41628.00,1067132.00,1108760.00,1067132,41628,538.00,710.00,1248.00,710,538,0.00,0.00,0,0
1410632247,s1-eth2,5676.00,143830.00,149506.00,143830,5676,70.00,95.00,165.00,95,70,0.00,0.00,0,0
1410632247,s2-eth1,1067132.00,41628.00,1108760.00,41628,1067132,710.00,538.00,1248.00,538,710,0.00,0.00,0,0
1410632247,s2-eth3,29398.00,785458.00,814856.00,785458,29398,395.00,523.00,918.00,523,395,0.00,0.00,0,0
1410632247,s2-eth2,12514.00,187806.00,200320.00,187806,12514,147.00,125.00,272.00,125,147,0.00,0.00,0,0
1410632247,s3-eth1,785458.00,29398.00,814856.00,29398,785458,523.00,395.00,918.00,395,523,0.00,0.00,0,0
1410632247,s3-eth3,21224.00,552232.00,573456.00,552232,21224,280.00,368.00,648.00,368,280,0.00,0.00,0,0
1410632247,s3-eth2,8590.00,236254.00,244844.00,236254,8590,121.00,157.00,278.00,157,121,0.00,0.00,0,0
1410632247,eth0,0.00,0.00,0.00,0,0,0.00,0.00,0.00,0,0,0.00,0.00,0,0
1410632247,lo,6700.00,6700.00,13400.00,6700,6700,75.00,75.00,150.00,75,75,0.00,0.00,0,0
1410632247,s4-eth1,552232.00,21224.00,573456.00,21224,552232,368.00,280.00,648.00,280,368,0.00,0.00,0,0
1410632247,s4-eth3,9284.00,230376.00,239660.00,230376,9284,118.00,154.00,272.00,154,118,0.00,0.00,0,0
1410632247,s4-eth2,12356.00,321856.00,334212.00,321856,12356,168.00,214.00,382.00,214,168,0.00,0.00,0,0
1410632247,s5-eth1,230376.00,9284.00,239660.00,9284,230376,154.00,118.00,272.00,118,154,0.00,0.00,0,0
1410632247,s5-eth2,9284.00,230376.00,239660.00,230376,9284,118.00,154.00,272.00,154,118,0.00,0.00,0,0
1410632247,total,4043278.00,3910508.00,7953786.00,3910508,4043278,4620.00,4509.00,9129.00,4509,4620,0.00,0.00,0,0
1410632248,s1-eth1,1250564.00,28436.00,1279000.00,28436,1250564,826.00,430.00,1256.00,430,826,0.00,0.00,0,0
1410632248,s1-eth3,25268.00,1182434.00,1207702.00,1182434,25268,382.00,781.00,1163.00,781,382,0.00,0.00,0,0
1410632248,s1-eth2,3234.00,145344.00,148578.00,145344,3234,49.00,96.00,145.00,96,49,0.00,0.00,0,0
1410632248,s2-eth1,1182434.00,25268.00,1207702.00,25268,1182434,781.00,382.00,1163.00,382,781,0.00,0.00,0,0
1410632248,s2-eth3,23232.00,1099164.00,1122396.00,1099164,23232,352.00,726.00,1078.00,726,352,0.00,0.00,0,0
1410632248,s2-eth2,2036.00,84784.00,86820.00,84784,2036,30.00,56.00,86.00,56,30,0.00,0.00,0,0
1410632248,s3-eth1,1099164.00,23232.00,1122396.00,23232,1099164,726.00,352.00,1078.00,352,726,0.00,0.00,0,0
1410632248,s3-eth3,17094.00,806962.00,824056.00,806962,17094,259.00,533.00,792.00,533,259,0.00,0.00,0,0
1410632248,s3-eth2,6138.00,281604.00,287742.00,281604,6138,93.00,186.00,279.00,186,93,0.00,0.00,0,0
1410632248,eth0,0.00,0.00,0.00,0,0,0.00,0.00,0.00,0,0,0.00,0.00,0,0
1410632248,lo,0.00,0.00,0.00,0,0,0.00,0.00,0.00,0,0,0.00,0.00,0,0
1410632248,s4-eth1,806962.00,17094.00,824056.00,17094,806962,533.00,259.00,792.00,259,533,0.00,0.00,0,0
1410632248,s4-eth3,6798.00,319454.00,326252.00,319454,6798,103.00,211.00,314.00,211,103,0.00,0.00,0,0
1410632248,s4-eth2,10230.00,487508.00,497738.00,487508,10230,155.00,322.00,477.00,322,155,0.00,0.00,0,0
1410632248,s5-eth1,319454.00,6798.00,326252.00,6798,319454,211.00,103.00,314.00,103,211,0.00,0.00,0,0
1410632248,s5-eth2,6798.00,319454.00,326252.00,319454,6798,103.00,211.00,314.00,211,103,0.00,0.00,0,0
1410632248,total,4759406.00,4827536.00,9586942.00,4827536,4759406,4603.00,4648.00,9251.00,4648,4603,0.00,0.00,0,0
1410632249,s1-eth1,1250827.25,27692.31,1278519.50,27720,1252078,826.17,419.58,1245.75,420,827,0.00,0.00,0,0
1410632249,s1-eth3,25054.95,1161590.50,1186645.38,1162752,25080,379.62,767.23,1146.85,768,380,0.00,0.00,0,0
1410632249,s1-eth2,2571.43,113436.57,116007.99,113550,2574,38.96,74.93,113.89,75,39,0.00,0.00,0,0
1410632249,s2-eth1,1161590.50,25054.95,1186645.38,25080,1162752,767.23,379.62,1146.85,380,768,0.00,0.00,0,0
1410632249,s2-eth3,20835.17,966479.56,987314.69,967446,20856,315.68,638.36,954.05,639,316,0.00,0.00,0,0
1410632249,s2-eth2,4285.71,195110.89,199396.61,195306,4290,64.94,128.87,193.81,129,65,0.00,0.00,0,0
1410632249,s3-eth1,966479.56,20835.17,987314.69,20856,967446,638.36,315.68,954.05,316,639,0.00,0.00,0,0
1410632249,s3-eth3,15494.51,718431.56,733926.12,719150,15510,234.77,474.53,709.29,475,235,0.00,0.00,0,0
1410632249,s3-eth2,5340.66,245022.98,250363.64,245268,5346,80.92,161.84,242.76,162,81,0.00,0.00,0,0
1410632249,eth0,0.00,0.00,0.00,0,0,0.00,0.00,0.00,0,0,0.00,0.00,0,0
1410632249,lo,0.00,0.00,0.00,0,0,0.00,0.00,0.00,0,0,0.00,0.00,0,0
1410632249,s4-eth1,718431.56,15494.51,733926.12,15510,719150,474.53,234.77,709.29,235,475,0.00,0.00,0,0
1410632249,s4-eth3,6263.74,284347.66,290611.41,284632,6270,94.91,187.81,282.72,188,95,0.00,0.00,0,0
1410632249,s4-eth2,9296.70,434083.94,443380.62,434518,9306,140.86,286.71,427.57,287,141,0.00,0.00,0,0
1410632249,s5-eth1,284347.66,6263.74,290611.41,6270,284632,187.81,94.91,282.72,95,188,0.00,0.00,0,0
1410632249,s5-eth2,6263.74,284347.66,290611.41,284632,6270,94.91,187.81,282.72,188,95,0.00,0.00,0,0
1410632249,total,4477083.00,4498192.00,8975275.00,4502690,4481560,4339.66,4352.65,8692.31,4357,4344,0.00,0.00,0,0
1410632250,s1-eth1,1248899.12,32475.53,1281374.62,32508,1250148,825.17,477.52,1302.70,478,826,0.00,0.00,0,0
1410632250,s1-eth3,28177.82,1155124.88,1183302.75,1156280,28206,418.58,763.24,1181.82,764,419,0.00,0.00,0,0
1410632250,s1-eth2,4297.70,86211.79,90509.49,86298,4302,58.94,56.94,115.88,57,59,0.00,0.00,0,0
1410632250,s2-eth1,1155124.88,28177.82,1183302.75,28206,1156280,763.24,418.58,1181.82,419,764,0.00,0.00,0,0
1410632250,s2-eth3,22837.16,908589.44,931426.62,909498,22860,337.66,600.40,938.06,601,338,0.00,0.00,0,0
1410632250,s2-eth2,5340.66,243510.50,248851.16,243754,5346,80.92,160.84,241.76,161,81,0.00,0.00,0,0
1410632250,s3-eth1,908589.44,22837.16,931426.62,22860,909498,600.40,337.66,938.06,338,601,0.00,0.00,0,0
1410632250,s3-eth3,17430.57,665494.50,682925.06,666160,17448,255.74,439.56,695.30,440,256,0.00,0.00,0,0
1410632250,s3-eth2,5406.59,247632.38,253038.97,247880,5412,81.92,163.84,245.75,164,82,0.00,0.00,0,0
1410632250,eth0,59.94,1798.20,1858.14,1800,60,1.00,29.97,30.97,30,1,0.00,0.00,0,0
1410632250,lo,0.00,0.00,0.00,0,0,0.00,0.00,0.00,0,0,0.00,0.00,0,0
1410632250,s4-eth1,665494.50,17430.57,682925.06,17448,666160,439.56,255.74,695.30,256,440,0.00,0.00,0,0
1410632250,s4-eth3,6881.12,179986.02,186867.14,180166,6888,95.90,118.88,214.79,119,96,0.00,0.00,0,0
1410632250,s4-eth2,10549.45,485508.50,496057.97,485994,10560,159.84,320.68,480.52,321,160,0.00,0.00,0,0
1410632250,s5-eth1,179986.02,6881.12,186867.14,6888,180166,118.88,95.90,214.79,96,119,0.00,0.00,0,0
1410632250,s5-eth2,6881.12,179986.02,186867.14,180166,6888,95.90,118.88,214.79,119,96,0.00,0.00,0,0
1410632250,total,4265956.00,4261644.50,8527601.00,4265906,4270222,4333.67,4358.64,8692.31,4363,4338,0.00,0.00,0,0
1410632251,s1-eth1,1252078.00,30336.00,1282414.00,30336,1252078,827.00,450.00,1277.00,450,827,0.00,0.00,0,0
1410632251,s1-eth3,28116.00,1180920.00,1209036.00,1180920,28116,418.00,780.00,1198.00,780,418,0.00,0.00,0,0
1410632251,s1-eth2,2286.00,69644.00,71930.00,69644,2286,33.00,46.00,79.00,46,33,0.00,0.00,0,0
1410632251,s2-eth1,1180920.00,28116.00,1209036.00,28116,1180920,780.00,418.00,1198.00,418,780,0.00,0.00,0,0
1410632251,s2-eth3,20526.00,944736.00,965262.00,944736,20526,311.00,624.00,935.00,624,311,0.00,0.00,0,0
1410632251,s2-eth2,7524.00,236184.00,243708.00,236184,7524,106.00,156.00,262.00,156,106,0.00,0.00,0,0
1410632251,s3-eth1,944736.00,20526.00,965262.00,20526,944736,624.00,311.00,935.00,311,624,0.00,0.00,0,0
1410632251,s3-eth3,14982.00,684328.00,699310.00,684328,14982,227.00,452.00,679.00,452,227,0.00,0.00,0,0
1410632251,s3-eth2,5544.00,255866.00,261410.00,255866,5544,84.00,169.00,253.00,169,84,0.00,0.00,0,0
1410632251,eth0,0.00,0.00,0.00,0,0,0.00,0.00,0.00,0,0,0.00,0.00,0,0
1410632251,lo,0.00,0.00,0.00,0,0,0.00,0.00,0.00,0,0,0.00,0.00,0,0
1410632251,s4-eth1,684328.00,14982.00,699310.00,14982,684328,452.00,227.00,679.00,227,452,0.00,0.00,0,0
1410632251,s4-eth3,5214.00,248296.00,253510.00,248296,5214,79.00,164.00,243.00,164,79,0.00,0.00,0,0
1410632251,s4-eth2,9702.00,436032.00,445734.00,436032,9702,147.00,288.00,435.00,288,147,0.00,0.00,0,0
1410632251,s5-eth1,248296.00,5214.00,253510.00,5214,248296,164.00,79.00,243.00,79,164,0.00,0.00,0,0
1410632251,s5-eth2,5214.00,248296.00,253510.00,248296,5214,79.00,164.00,243.00,164,79,0.00,0.00,0,0
1410632251,total,4409466.00,4403476.00,8812942.00,4403476,4409466,4331.00,4328.00,8659.00,4328,4331,0.00,0.00,0,0
1410632252,s1-eth1,1250564.00,30648.00,1281212.00,30648,1250564,826.00,458.00,1284.00,458,826,0.00,0.00,0,0
1410632252,s1-eth3,28632.00,1189060.00,1217692.00,1189060,28632,428.00,786.00,1214.00,786,428,0.00,0.00,0,0
1410632252,s1-eth2,1950.00,65102.00,67052.00,65102,1950,29.00,43.00,72.00,43,29,0.00,0.00,0,0
1410632252,s2-eth1,1189060.00,28632.00,1217692.00,28632,1189060,786.00,428.00,1214.00,428,786,0.00,0.00,0,0
1410632252,s2-eth3,23364.00,1052800.00,1076164.00,1052800,23364,354.00,696.00,1050.00,696,354,0.00,0.00,0,0
1410632252,s2-eth2,5334.00,140802.00,146136.00,140802,5334,75.00,93.00,168.00,93,75,0.00,0.00,0,0
1410632252,s3-eth1,1052800.00,23364.00,1076164.00,23364,1052800,696.00,354.00,1050.00,354,696,0.00,0.00,0,0
1410632252,s3-eth3,17160.00,789364.00,806524.00,789364,17160,260.00,522.00,782.00,522,260,0.00,0.00,0,0
1410632252,s3-eth2,6072.00,274034.00,280106.00,274034,6072,92.00,181.00,273.00,181,92,0.00,0.00,0,0
1410632252,eth0,150.00,150.00,300.00,150,150,2.00,2.00,4.00,2,2,0.00,0.00,0,0
1410632252,lo,860.00,860.00,1720.00,860,860,15.00,15.00,30.00,15,15,0.00,0.00,0,0
1410632252,s4-eth1,789364.00,17160.00,806524.00,17160,789364,522.00,260.00,782.00,260,522,0.00,0.00,0,0
1410632252,s4-eth3,6930.00,316426.00,323356.00,316426,6930,105.00,209.00,314.00,209,105,0.00,0.00,0,0
1410632252,s4-eth2,10296.00,474452.00,484748.00,474452,10296,156.00,314.00,470.00,314,156,0.00,0.00,0,0
1410632252,s5-eth1,316426.00,6930.00,323356.00,6930,316426,209.00,105.00,314.00,105,209,0.00,0.00,0,0
1410632252,s5-eth2,6930.00,316426.00,323356.00,316426,6930,105.00,209.00,314.00,209,105,0.00,0.00,0,0
1410632252,total,4705892.00,4726210.00,9432102.00,4726210,4705892,4660.00,4675.00,9335.00,4675,4660,0.00,0.00,0,0
1410632253,s1-eth1,1250672.00,27720.00,1278392.00,27720,1250672,828.00,420.00,1248.00,420,828,0.00,0.00,0,0
1410632253,s1-eth3,26070.00,1181276.00,1207346.00,1181276,26070,395.00,782.00,1177.00,782,395,0.00,0.00,0,0
1410632253,s1-eth2,1650.00,75700.00,77350.00,75700,1650,25.00,50.00,75.00,50,25,0.00,0.00,0,0
1410632253,s2-eth1,1181276.00,26070.00,1207346.00,26070,1181276,782.00,395.00,1177.00,395,782,0.00,0.00,0,0
1410632253,s2-eth3,22176.00,999596.00,1021772.00,999596,22176,336.00,662.00,998.00,662,336,0.00,0.00,0,0
1410632253,s2-eth2,3894.00,177138.00,181032.00,177138,3894,59.00,117.00,176.00,117,59,0.00,0.00,0,0
1410632253,s3-eth1,999596.00,22176.00,1021772.00,22176,999596,662.00,336.00,998.00,336,662,0.00,0.00,0,0
1410632253,s3-eth3,15906.00,713216.00,729122.00,713216,15906,241.00,472.00,713.00,472,241,0.00,0.00,0,0
1410632253,s3-eth2,6402.00,275782.00,282184.00,275782,6402,97.00,183.00,280.00,183,97,0.00,0.00,0,0
1410632253,eth0,90.00,210.00,300.00,210,90,1.00,3.00,4.00,3,1,0.00,0.00,0,0
1410632253,lo,0.00,0.00,0.00,0,0,0.00,0.00,0.00,0,0,0.00,0.00,0,0
1410632253,s4-eth1,713216.00,15906.00,729122.00,15906,713216,472.00,241.00,713.00,241,472,0.00,0.00,0,0
1410632253,s4-eth3,6006.00,269492.00,275498.00,269492,6006,91.00,178.00,269.00,178,91,0.00,0.00,0,0
1410632253,s4-eth2,9900.00,442210.00,452110.00,442210,9900,150.00,293.00,443.00,293,150,0.00,0.00,0,0
1410632253,s5-eth1,269492.00,6006.00,275498.00,6006,269492,178.00,91.00,269.00,91,178,0.00,0.00,0,0
1410632253,s5-eth2,6006.00,269492.00,275498.00,269492,6006,91.00,178.00,269.00,178,91,0.00,0.00,0,0
1410632253,total,4512352.00,4501990.00,9014342.00,4501990,4512352,4408.00,4401.00,8809.00,4401,4408,0.00,0.00,0,0
1410632254,s1-eth1,1250570.00,27654.00,1278224.00,27654,1250570,829.00,419.00,1248.00,419,829,0.00,0.00,0,0
1410632254,s1-eth3,26070.00,1180230.00,1206300.00,1180230,26070,395.00,783.00,1178.00,783,395,0.00,0.00,0,0
1410632254,s1-eth2,1650.00,75700.00,77350.00,75700,1650,25.00,50.00,75.00,50,25,0.00,0.00,0,0
1410632254,s2-eth1,1180230.00,26070.00,1206300.00,26070,1180230,783.00,395.00,1178.00,395,783,0.00,0.00,0,0
1410632254,s2-eth3,22506.00,1019746.00,1042252.00,1019746,22506,341.00,677.00,1018.00,677,341,0.00,0.00,0,0
1410632254,s2-eth2,3498.00,163512.00,167010.00,163512,3498,53.00,108.00,161.00,108,53,0.00,0.00,0,0
1410632254,s3-eth1,1019746.00,22506.00,1042252.00,22506,1019746,677.00,341.00,1018.00,341,677,0.00,0.00,0,0
1410632254,s3-eth3,16566.00,751646.00,768212.00,751646,16566,251.00,499.00,750.00,499,251,0.00,0.00,0,0
1410632254,s3-eth2,5940.00,268100.00,274040.00,268100,5940,90.00,178.00,268.00,178,90,0.00,0.00,0,0
1410632254,eth0,0.00,0.00,0.00,0,0,0.00,0.00,0.00,0,0,0.00,0.00,0,0
1410632254,lo,0.00,0.00,0.00,0,0,0.00,0.00,0.00,0,0,0.00,0.00,0,0
1410632254,s4-eth1,751646.00,16566.00,768212.00,16566,751646,499.00,251.00,750.00,251,499,0.00,0.00,0,0
1410632254,s4-eth3,5940.00,268436.00,274376.00,268436,5940,90.00,178.00,268.00,178,90,0.00,0.00,0,0
1410632254,s4-eth2,10626.00,483210.00,493836.00,483210,10626,161.00,321.00,482.00,321,161,0.00,0.00,0,0
1410632254,s5-eth1,268436.00,5940.00,274376.00,5940,268436,178.00,90.00,268.00,90,178,0.00,0.00,0,0
1410632254,s5-eth2,5940.00,268436.00,274376.00,268436,5940,90.00,178.00,268.00,178,90,0.00,0.00,0,0
1410632254,total,4569364.00,4577752.00,9147116.00,4577752,4569364,4462.00,4468.00,8930.00,4468,4462,0.00,0.00,0,0
1410632255,s1-eth1,1250234.00,32520.00,1282754.00,32520,1250234,829.00,472.00,1301.00,472,829,0.00,0.00,0,0
1410632255,s1-eth3,29816.00,1162422.00,1192238.00,1162422,29816,436.00,771.00,1207.00,771,436,0.00,0.00,0,0
1410632255,s1-eth2,2638.00,75700.00,78338.00,75700,2638,35.00,50.00,85.00,50,35,0.00,0.00,0,0
1410632255,s2-eth1,1162422.00,29816.00,1192238.00,29816,1162422,771.00,436.00,1207.00,436,771,0.00,0.00,0,0
1410632255,s2-eth3,26186.00,1009508.00,1035694.00,1009508,26186,381.00,670.00,1051.00,670,381,0.00,0.00,0,0
1410632255,s2-eth2,3696.00,171082.00,174778.00,171082,3696,56.00,113.00,169.00,113,56,0.00,0.00,0,0
1410632255,s3-eth1,1009508.00,26186.00,1035694.00,26186,1009508,670.00,381.00,1051.00,381,670,0.00,0.00,0,0
1410632255,s3-eth3,16038.00,702862.00,718900.00,702862,16038,243.00,467.00,710.00,467,243,0.00,0.00,0,0
1410632255,s3-eth2,10148.00,306646.00,316794.00,306646,10148,138.00,203.00,341.00,203,138,0.00,0.00,0,0
1410632255,eth0,0.00,0.00,0.00,0,0,0.00,0.00,0.00,0,0,0.00,0.00,0,0
1410632255,lo,0.00,0.00,0.00,0,0,0.00,0.00,0.00,0,0,0.00,0.00,0,0
1410632255,s4-eth1,702862.00,16038.00,718900.00,16038,702862,467.00,243.00,710.00,243,467,0.00,0.00,0,0
1410632255,s4-eth3,6270.00,271128.00,277398.00,271128,6270,95.00,180.00,275.00,180,95,0.00,0.00,0,0
1410632255,s4-eth2,9702.00,431734.00,441436.00,431734,9702,147.00,287.00,434.00,287,147,0.00,0.00,0,0
1410632255,s5-eth1,271128.00,6270.00,277398.00,6270,271128,180.00,95.00,275.00,95,180,0.00,0.00,0,0
1410632255,s5-eth2,6270.00,283240.00,289510.00,283240,6270,95.00,188.00,283.00,188,95,0.00,0.00,0,0
1410632255,total,4506918.00,4525152.00,9032070.00,4525152,4506918,4543.00,4556.00,9099.00,4556,4543,0.00,0.00,0,0
1410632256,s1-eth1,1250497.50,38105.89,1288603.38,38144,1251748,829.17,515.48,1344.66,516,830,0.00,0.00,0,0
1410632256,s1-eth3,35920.08,1131011.00,1166931.12,1132142,35956,485.51,750.25,1235.76,751,486,0.00,0.00,0,0
1410632256,s1-eth2,2185.81,68061.94,70247.76,68130,2188,29.97,44.96,74.93,45,30,0.00,0.00,0,0
1410632256,s2-eth1,1131011.00,35920.08,1166931.12,35956,1132142,750.25,485.51,1235.76,486,751,0.00,0.00,0,0
1410632256,s2-eth3,31964.04,951025.00,982989.06,951976,31996,425.57,631.37,1056.94,632,426,0.00,0.00,0,0
1410632256,s2-eth2,3956.04,178473.53,182429.58,178652,3960,59.94,117.88,177.82,118,60,0.00,0.00,0,0
1410632256,s3-eth1,951025.00,31964.04,982989.06,31996,951976,631.37,425.57,1056.94,426,632,0.00,0.00,0,0
1410632256,s3-eth3,21434.57,677142.88,698577.44,677820,21456,281.72,449.55,731.27,450,282,0.00,0.00,0,0
1410632256,s3-eth2,10463.54,307156.84,317620.38,307464,10474,142.86,203.80,346.65,204,143,0.00,0.00,0,0
1410632256,eth0,0.00,0.00,0.00,0,0,0.00,0.00,0.00,0,0,0.00,0.00,0,0
1410632256,lo,0.00,0.00,0.00,0,0,0.00,0.00,0.00,0,0,0.00,0.00,0,0
1410632256,s4-eth1,677142.88,21434.57,698577.44,21456,677820,449.55,281.72,731.27,282,450,0.00,0.00,0,0
1410632256,s4-eth3,6329.67,301106.91,307436.56,301408,6336,95.90,199.80,295.70,200,96,0.00,0.00,0,0
1410632256,s4-eth2,15170.83,377548.47,392719.28,377926,15186,186.81,250.75,437.56,251,187,0.00,0.00,0,0
1410632256,s5-eth1,301106.91,6329.67,307436.56,6336,301408,199.80,95.90,295.70,96,200,0.00,0.00,0,0
1410632256,s5-eth2,6329.67,289007.00,295336.66,289296,6336,95.90,191.81,287.71,192,96,0.00,0.00,0,0
1410632256,total,4444537.50,4414288.00,8858825.00,4418702,4448982,4664.34,4644.36,9308.69,4649,4669,0.00,0.00,0,0
1410632257,s1-eth1,1250808.00,29910.00,1280718.00,29910,1250808,828.00,451.00,1279.00,451,828,0.00,0.00,0,0
1410632257,s1-eth3,27270.00,1251504.00,1278774.00,1251504,27270,413.00,828.00,1241.00,828,413,0.00,0.00,0,0
1410632257,s1-eth2,2640.00,87812.00,90452.00,87812,2640,38.00,58.00,96.00,58,38,0.00,0.00,0,0
1410632257,s2-eth1,1251504.00,27270.00,1278774.00,27270,1251504,828.00,413.00,1241.00,413,828,0.00,0.00,0,0
1410632257,s2-eth3,22584.00,1068310.00,1090894.00,1068310,22584,342.00,707.00,1049.00,707,342,0.00,0.00,0,0
1410632257,s2-eth2,4686.00,224072.00,228758.00,224072,4686,71.00,148.00,219.00,148,71,0.00,0.00,0,0
1410632257,s3-eth1,1068310.00,22584.00,1090894.00,22584,1068310,707.00,342.00,1049.00,342,707,0.00,0.00,0,0
1410632257,s3-eth3,16698.00,776108.00,792806.00,776108,16698,253.00,514.00,767.00,514,253,0.00,0.00,0,0
1410632257,s3-eth2,5952.00,260408.00,266360.00,260408,5952,90.00,172.00,262.00,172,90,0.00,0.00,0,0
1410632257,eth0,0.00,0.00,0.00,0,0,0.00,0.00,0.00,0,0,0.00,0.00,0,0
1410632257,lo,860.00,860.00,1720.00,860,860,15.00,15.00,30.00,15,15,0.00,0.00,0,0
1410632257,s4-eth1,776108.00,16698.00,792806.00,16698,776108,514.00,253.00,767.00,253,514,0.00,0.00,0,0
1410632257,s4-eth3,6072.00,269614.00,275686.00,269614,6072,92.00,179.00,271.00,179,92,0.00,0.00,0,0
1410632257,s4-eth2,10626.00,504980.00,515606.00,504980,10626,161.00,334.00,495.00,334,161,0.00,0.00,0,0
1410632257,s5-eth1,269614.00,6072.00,275686.00,6072,269614,179.00,92.00,271.00,92,179,0.00,0.00,0,0
1410632257,s5-eth2,6072.00,269614.00,275686.00,269614,6072,92.00,179.00,271.00,179,92,0.00,0.00,0,0
1410632257,total,4719804.00,4815816.00,9535620.00,4815816,4719804,4623.00,4685.00,9308.00,4685,4623,0.00,0.00,0,0
1410632258,s1-eth1,1250168.00,36534.00,1286702.00,36534,1250168,828.00,511.00,1339.00,511,828,0.00,0.00,0,0
1410632258,s1-eth3,35324.00,1159440.00,1194764.00,1159440,35324,494.00,768.00,1262.00,768,494,0.00,0.00,0,0
1410632258,s1-eth2,1276.00,49962.00,51238.00,49962,1276,18.00,33.00,51.00,33,18,0.00,0.00,0,0
1410632258,s2-eth1,1159440.00,35324.00,1194764.00,35324,1159440,768.00,494.00,1262.00,494,768,0.00,0.00,0,0
1410632258,s2-eth3,27212.00,912658.00,939870.00,912658,27212,380.00,605.00,985.00,605,380,0.00,0.00,0,0
1410632258,s2-eth2,8112.00,237698.00,245810.00,237698,8112,114.00,157.00,271.00,157,114,0.00,0.00,0,0
1410632258,s3-eth1,912658.00,27212.00,939870.00,27212,912658,605.00,380.00,985.00,380,605,0.00,0.00,0,0
1410632258,s3-eth3,19292.00,716422.00,735714.00,716422,19292,272.00,475.00,747.00,475,272,0.00,0.00,0,0
1410632258,s3-eth2,7854.00,218946.00,226800.00,218946,7854,107.00,145.00,252.00,145,107,0.00,0.00,0,0
1410632258,eth0,0.00,0.00,0.00,0,0,0.00,0.00,0.00,0,0,0.00,0.00,0,0
1410632258,lo,0.00,0.00,0.00,0,0,0.00,0.00,0.00,0,0,0.00,0.00,0,0
1410632258,s4-eth1,716422.00,19292.00,735714.00,19292,716422,475.00,272.00,747.00,272,475,0.00,0.00,0,0
1410632258,s4-eth3,7940.00,209750.00,217690.00,209750,7940,100.00,139.00,239.00,139,100,0.00,0.00,0,0
1410632258,s4-eth2,11286.00,506672.00,517958.00,506672,11286,171.00,336.00,507.00,336,171,0.00,0.00,0,0
1410632258,s5-eth1,209750.00,7940.00,217690.00,7940,209750,139.00,100.00,239.00,100,139,0.00,0.00,0,0
1410632258,s5-eth2,7940.00,209750.00,217690.00,209750,7940,100.00,139.00,239.00,139,100,0.00,0.00,0,0
1410632258,total,4374674.00,4347600.00,8722274.00,4347600,4374674,4571.00,4554.00,9125.00,4554,4571,0.00,0.00,0,0
1410632259,s1-eth1,1251672.00,29338.00,1281010.00,29338,1251672,828.00,441.00,1269.00,441,828,0.00,0.00,0,0
1410632259,s1-eth3,27522.00,1250742.00,1278264.00,1250742,27522,417.00,827.00,1244.00,827,417,0.00,0.00,0,0
1410632259,s1-eth2,1750.00,48448.00,50198.00,48448,1750,23.00,32.00,55.00,32,23,0.00,0.00,0,0
1410632259,s2-eth1,1250742.00,27522.00,1278264.00,27522,1250742,827.00,417.00,1244.00,417,827,0.00,0.00,0,0
1410632259,s2-eth3,22110.00,1014558.00,1036668.00,1014558,22110,335.00,671.00,1006.00,671,335,0.00,0.00,0,0
1410632259,s2-eth2,5346.00,254352.00,259698.00,254352,5346,81.00,168.00,249.00,168,81,0.00,0.00,0,0
1410632259,s3-eth1,1014558.00,22110.00,1036668.00,22110,1014558,671.00,335.00,1006.00,335,671,0.00,0.00,0,0
1410632259,s3-eth3,16764.00,766262.00,783026.00,766262,16764,254.00,507.00,761.00,507,254,0.00,0.00,0,0
1410632259,s3-eth2,5412.00,224072.00,229484.00,224072,5412,82.00,148.00,230.00,148,82,0.00,0.00,0,0
1410632259,eth0,0.00,0.00,0.00,0,0,0.00,0.00,0.00,0,0,0.00,0.00,0,0
1410632259,lo,0.00,0.00,0.00,0,0,0.00,0.00,0.00,0,0,0.00,0.00,0,0
1410632259,s4-eth1,766262.00,16764.00,783026.00,16764,766262,507.00,254.00,761.00,254,507,0.00,0.00,0,0
1410632259,s4-eth3,5874.00,277062.00,282936.00,277062,5874,89.00,183.00,272.00,183,89,0.00,0.00,0,0
1410632259,s4-eth2,10956.00,489200.00,500156.00,489200,10956,166.00,324.00,490.00,324,166,0.00,0.00,0,0
1410632259,s5-eth1,277062.00,5874.00,282936.00,5874,277062,183.00,89.00,272.00,89,183,0.00,0.00,0,0
1410632259,s5-eth2,5874.00,277062.00,282936.00,277062,5874,89.00,183.00,272.00,183,89,0.00,0.00,0,0
1410632259,total,4661904.00,4703366.00,9365270.00,4703366,4661904,4552.00,4579.00,9131.00,4579,4552,0.00,0.00,0,0
1410632260,s1-eth1,1250046.00,32632.00,1282678.00,32632,1250046,827.00,472.00,1299.00,472,827,0.00,0.00,0,0
1410632260,s1-eth3,30854.00,1221280.00,1252134.00,1221280,30854,447.00,808.00,1255.00,808,447,0.00,0.00,0,0
1410632260,s1-eth2,1766.00,63588.00,65354.00,63588,1766,25.00,42.00,67.00,42,25,0.00,0.00,0,0
1410632260,s2-eth1,1221280.00,30854.00,1252134.00,30854,1221280,808.00,447.00,1255.00,447,808,0.00,0.00,0,0
1410632260,s2-eth3,23444.00,904854.00,928298.00,904854,23444,342.00,599.00,941.00,599,342,0.00,0.00,0,0
1410632260,s2-eth2,7398.00,246782.00,254180.00,246782,7398,105.00,163.00,268.00,163,105,0.00,0.00,0,0
1410632260,s3-eth1,904854.00,23444.00,928298.00,23444,904854,599.00,342.00,941.00,342,599,0.00,0.00,0,0
1410632260,s3-eth3,17648.00,665642.00,683290.00,665642,17648,256.00,441.00,697.00,441,256,0.00,0.00,0,0
1410632260,s3-eth2,5718.00,239212.00,244930.00,239212,5718,85.00,158.00,243.00,158,85,0.00,0.00,0,0
1410632260,eth0,0.00,1920.00,1920.00,1920,0,0.00,32.00,32.00,32,0,0.00,0.00,0,0
1410632260,lo,0.00,0.00,0.00,0,0,0.00,0.00,0.00,0,0,0.00,0.00,0,0
1410632260,s4-eth1,665642.00,17648.00,683290.00,17648,665642,441.00,256.00,697.00,256,441,0.00,0.00,0,0
1410632260,s4-eth3,8156.00,297618.00,305774.00,297618,8156,116.00,197.00,313.00,197,116,0.00,0.00,0,0
1410632260,s4-eth2,9414.00,368024.00,377438.00,368024,9414,139.00,244.00,383.00,244,139,0.00,0.00,0,0
1410632260,s5-eth1,297618.00,8156.00,305774.00,8156,297618,197.00,116.00,313.00,116,197,0.00,0.00,0,0
1410632260,s5-eth2,8156.00,297618.00,305774.00,297618,8156,116.00,197.00,313.00,197,116,0.00,0.00,0,0
1410632260,total,4451994.00,4419272.00,8871266.00,4419272,4451994,4503.00,4514.00,9017.00,4514,4503,0.00,0.00,0,0
1410632261,s1-eth1,1249436.62,40445.55,1289882.12,40486,1250686,826.17,562.44,1388.61,563,827,0.00,0.00,0,0
1410632261,s1-eth3,37642.36,1157174.88,1194817.25,1158332,37680,523.48,765.23,1288.71,766,524,0.00,0.00,0,0
1410632261,s1-eth2,2881.12,83186.81,86067.94,83270,2884,39.96,54.95,94.91,55,40,0.00,0.00,0,0
1410632261,s2-eth1,1157174.88,37642.36,1194817.25,37680,1158332,765.23,523.48,1288.71,524,766,0.00,0.00,0,0
1410632261,s2-eth3,30137.86,965088.94,995226.81,966054,30168,417.58,638.36,1055.94,639,418,0.00,0.00,0,0
1410632261,s2-eth2,7582.42,196623.38,204205.80,196820,7590,106.89,129.87,236.76,130,107,0.00,0.00,0,0
1410632261,s3-eth1,965088.94,30137.86,995226.81,30168,966054,638.36,417.58,1055.94,418,639,0.00,0.00,0,0
1410632261,s3-eth3,23490.51,759390.62,782881.12,760150,23514,322.68,502.50,825.17,503,323,0.00,0.00,0,0
1410632261,s3-eth2,6659.34,208723.28,215382.62,208932,6666,94.91,137.86,232.77,138,95,0.00,0.00,0,0
1410632261,eth0,89.91,89.91,179.82,90,90,1.00,1.00,2.00,1,1,0.00,0.00,0,0
1410632261,lo,0.00,0.00,0.00,0,0,0.00,0.00,0.00,0,0,0.00,0.00,0,0
1410632261,s4-eth1,759390.62,23490.51,782881.12,23514,760150,502.50,322.68,825.17,323,503,0.00,0.00,0,0
1410632261,s4-eth3,8767.23,257122.89,265890.12,257380,8776,119.88,169.83,289.71,170,120,0.00,0.00,0,0
1410632261,s4-eth2,14801.20,502267.75,517068.94,502770,14816,203.80,332.67,536.46,333,204,0.00,0.00,0,0
1410632261,s5-eth1,257122.89,8767.23,265890.12,8776,257380,169.83,119.88,289.71,120,170,0.00,0.00,0,0
1410632261,s5-eth2,8701.30,260147.86,268849.16,260408,8710,118.88,171.83,290.71,172,119,0.00,0.00,0,0
1410632261,total,4528967.00,4530300.00,9059267.00,4534830,4533496,4851.15,4850.15,9701.30,4855,4856,0.00,0.00,0,0
1410632262,s1-eth1,1250827.25,27692.31,1278519.50,27720,1252078,826.17,419.58,1245.75,420,827,0.00,0.00,0,0
1410632262,s1-eth3,25912.09,1202427.62,1228339.75,1203630,25938,392.61,794.21,1186.81,795,393,0.00,0.00,0,0
1410632262,s1-eth2,1780.22,74111.89,75892.11,74186,1782,26.97,48.95,75.92,49,27,0.00,0.00,0,0
1410632262,s2-eth1,1202427.62,25912.09,1228339.75,25938,1203630,794.21,392.61,1186.81,393,795,0.00,0.00,0,0
1410632262,s2-eth3,21758.24,1014879.12,1036637.38,1015894,21780,329.67,670.33,1000.00,671,330,0.00,0.00,0,0
1410632262,s2-eth2,4087.91,186035.97,190123.88,186222,4092,61.94,122.88,184.82,123,62,0.00,0.00,0,0
1410632262,s3-eth1,1014879.12,21758.24,1036637.38,21780,1015894,670.33,329.67,1000.00,330,671,0.00,0.00,0,0
1410632262,s3-eth3,16021.98,742631.38,758653.38,743374,16038,242.76,490.51,733.27,491,243,0.00,0.00,0,0
1410632262,s3-eth2,5802.20,269222.78,275024.97,269492,5808,87.91,177.82,265.73,178,88,0.00,0.00,0,0
1410632262,eth0,0.00,0.00,0.00,0,0,0.00,0.00,0.00,0,0,0.00,0.00,0,0
1410632262,lo,859.14,859.14,1718.28,860,860,14.99,14.99,29.97,15,15,0.00,0.00,0,0
1410632262,s4-eth1,742631.38,16021.98,758653.38,16038,743374,490.51,242.76,733.27,243,491,0.00,0.00,0,0
1410632262,s4-eth3,6329.67,297960.06,304289.72,298258,6336,95.90,196.80,292.71,197,96,0.00,0.00,0,0
1410632262,s4-eth2,9626.37,444671.34,454297.72,445116,9636,145.85,293.71,439.56,294,146,0.00,0.00,0,0
1410632262,s5-eth1,297960.06,6329.67,304289.72,6336,298258,196.80,95.90,292.71,96,197,0.00,0.00,0,0
1410632262,s5-eth2,6395.60,294935.06,301330.69,295230,6402,96.90,194.81,291.71,195,97,0.00,0.00,0,0
1410632262,total,4607299.00,4625448.50,9232748.00,4630074,4611906,4473.53,4485.51,8959.04,4490,4478,0.00,0.00,0,0
1410632263,s1-eth1,1250564.00,27786.00,1278350.00,27786,1250564,826.00,421.00,1247.00,421,826,0.00,0.00,0,0
1410632263,s1-eth3,25872.00,1177892.00,1203764.00,1177892,25872,392.00,778.00,1170.00,778,392,0.00,0.00,0,0
1410632263,s1-eth2,1848.00,74186.00,76034.00,74186,1848,28.00,49.00,77.00,49,28,0.00,0.00,0,0
1410632263,s2-eth1,1177892.00,25872.00,1203764.00,25872,1177892,778.00,392.00,1170.00,392,778,0.00,0.00,0,0
1410632263,s2-eth3,22176.00,1005296.00,1027472.00,1005296,22176,336.00,664.00,1000.00,664,336,0.00,0.00,0,0
1410632263,s2-eth2,3762.00,172596.00,176358.00,172596,3762,57.00,114.00,171.00,114,57,0.00,0.00,0,0
1410632263,s3-eth1,1005296.00,22176.00,1027472.00,22176,1005296,664.00,336.00,1000.00,336,664,0.00,0.00,0,0
1410632263,s3-eth3,16698.00,760028.00,776726.00,760028,16698,253.00,502.00,755.00,502,253,0.00,0.00,0,0
1410632263,s3-eth2,5412.00,245268.00,250680.00,245268,5412,82.00,162.00,244.00,162,82,0.00,0.00,0,0
1410632263,eth0,0.00,0.00,0.00,0,0,0.00,0.00,0.00,0,0,0.00,0.00,0,0
1410632263,lo,0.00,0.00,0.00,0,0,0.00,0.00,0.00,0,0,0.00,0.00,0,0
1410632263,s4-eth1,760028.00,16698.00,776726.00,16698,760028,502.00,253.00,755.00,253,502,0.00,0.00,0,0
1410632263,s4-eth3,6468.00,293716.00,300184.00,293716,6468,98.00,194.00,292.00,194,98,0.00,0.00,0,0
1410632263,s4-eth2,10296.00,466312.00,476608.00,466312,10296,156.00,308.00,464.00,308,156,0.00,0.00,0,0
1410632263,s5-eth1,293716.00,6468.00,300184.00,6468,293716,194.00,98.00,292.00,98,194,0.00,0.00,0,0
1410632263,s5-eth2,6468.00,293716.00,300184.00,293716,6468,98.00,194.00,292.00,194,98,0.00,0.00,0,0
1410632263,total,4586496.00,4588010.00,9174506.00,4588010,4586496,4464.00,4465.00,8929.00,4465,4464,0.00,0.00,0,0
1410632264,s1-eth1,1250564.00,27522.00,1278086.00,27522,1250564,826.00,417.00,1243.00,417,826,0.00,0.00,0,0
1410632264,s1-eth3,25476.00,1173350.00,1198826.00,1173350,25476,386.00,775.00,1161.00,775,386,0.00,0.00,0,0
1410632264,s1-eth2,2046.00,89326.00,91372.00,89326,2046,31.00,59.00,90.00,59,31,0.00,0.00,0,0
1410632264,s2-eth1,1173350.00,25476.00,1198826.00,25476,1173350,775.00,386.00,1161.00,386,775,0.00,0.00,0,0
1410632264,s2-eth3,21714.00,996212.00,1017926.00,996212,21714,329.00,658.00,987.00,658,329,0.00,0.00,0,0
1410632264,s2-eth2,3762.00,174110.00,177872.00,174110,3762,57.00,115.00,172.00,115,57,0.00,0.00,0,0
1410632264,s3-eth1,996212.00,21714.00,1017926.00,21714,996212,658.00,329.00,987.00,329,658,0.00,0.00,0,0
1410632264,s3-eth3,16236.00,747916.00,764152.00,747916,16236,246.00,494.00,740.00,494,246,0.00,0.00,0,0
1410632264,s3-eth2,5478.00,248296.00,253774.00,248296,5478,83.00,164.00,247.00,164,83,0.00,0.00,0,0
1410632264,eth0,0.00,0.00,0.00,0,0,0.00,0.00,0.00,0,0,0.00,0.00,0,0
1410632264,lo,0.00,0.00,0.00,0,0,0.00,0.00,0.00,0,0,0.00,0.00,0,0
1410632264,s4-eth1,747916.00,16236.00,764152.00,16236,747916,494.00,246.00,740.00,246,494,0.00,0.00,0,0
1410632264,s4-eth3,6072.00,278576.00,284648.00,278576,6072,92.00,184.00,276.00,184,92,0.00,0.00,0,0
1410632264,s4-eth2,10164.00,469340.00,479504.00,469340,10164,154.00,310.00,464.00,310,154,0.00,0.00,0,0
1410632264,s5-eth1,278576.00,6072.00,284648.00,6072,278576,184.00,92.00,276.00,92,184,0.00,0.00,0,0
1410632264,s5-eth2,6072.00,278576.00,284648.00,278576,6072,92.00,184.00,276.00,184,92,0.00,0.00,0,0
1410632264,total,4543638.00,4552722.00,9096360.00,4552722,4543638,4407.00,4413.00,8820.00,4413,4407,0.00,0.00,0,0
1410632265,s1-eth1,1250827.25,30551.45,1281378.62,30582,1252078,826.17,454.55,1280.72,455,827,0.00,0.00,0,0
1410632265,s1-eth3,27656.34,1175202.88,1202859.12,1176378,27684,413.59,776.22,1189.81,777,414,0.00,0.00,0,0
1410632265,s1-eth2,2961.04,75624.38,78585.41,75700,2964,41.96,49.95,91.91,50,42,0.00,0.00,0,0
1410632265,s2-eth1,1175202.88,27656.34,1202859.12,27684,1176378,776.22,413.59,1189.81,414,777,0.00,0.00,0,0
1410632265,s2-eth3,22483.52,1033029.00,1055512.50,1034062,22506,340.66,682.32,1022.98,683,341,0.00,0.00,0,0
1410632265,s2-eth2,5172.83,145198.81,150371.62,145344,5178,72.93,95.90,168.83,96,73,0.00,0.00,0,0
1410632265,s3-eth1,1033029.00,22483.52,1055512.50,22506,1034062,682.32,340.66,1022.98,341,683,0.00,0.00,0,0
1410632265,s3-eth3,16879.12,777418.62,794297.75,778196,16896,255.74,513.49,769.23,514,256,0.00,0.00,0,0
1410632265,s3-eth2,5670.33,257122.89,262793.22,257380,5676,85.91,169.83,255.74,170,86,0.00,0.00,0,0
1410632265,eth0,0.00,0.00,0.00,0,0,0.00,0.00,0.00,0,0,0.00,0.00,0,0
1410632265,lo,0.00,0.00,0.00,0,0,0.00,0.00,0.00,0,0,0.00,0.00,0,0
1410632265,s4-eth1,777418.62,16879.12,794297.75,16896,778196,513.49,255.74,769.23,256,514,0.00,0.00,0,0
1410632265,s4-eth3,6263.74,290397.62,296661.34,290688,6270,94.91,191.81,286.71,192,95,0.00,0.00,0,0
1410632265,s4-eth2,10615.38,487021.00,497636.38,487508,10626,160.84,321.68,482.52,322,161,0.00,0.00,0,0
1410632265,s5-eth1,290397.62,6263.74,296661.34,6270,290688,191.81,94.91,286.71,95,192,0.00,0.00,0,0
1410632265,s5-eth2,6263.74,290397.62,296661.34,290688,6270,94.91,191.81,286.71,192,95,0.00,0.00,0,0
1410632265,total,4630841.50,4635247.00,9266088.00,4639882,4635472,4551.45,4552.45,9103.90,4557,4556,0.00,0.00,0,0
1410632266,s1-eth1,1250564.00,36904.00,1287468.00,36904,1250564,826.00,524.00,1350.00,524,826,0.00,0.00,0,0
1410632266,s1-eth3,33412.00,1106734.00,1140146.00,1106734,33412,474.00,731.00,1205.00,731,474,0.00,0.00,0,0
1410632266,s1-eth2,3426.00,96896.00,100322.00,96896,3426,49.00,64.00,113.00,64,49,0.00,0.00,0,0
1410632266,s2-eth1,1106734.00,33412.00,1140146.00,33412,1106734,731.00,474.00,1205.00,474,731,0.00,0.00,0,0
1410632266,s2-eth3,29122.00,935652.00,964774.00,935652,29122,409.00,618.00,1027.00,618,409,0.00,0.00,0,0
1410632266,s2-eth2,4224.00,199848.00,204072.00,199848,4224,64.00,132.00,196.00,132,64,0.00,0.00,0,0
1410632266,s3-eth1,935652.00,29122.00,964774.00,29122,935652,618.00,409.00,1027.00,409,618,0.00,0.00,0,0
1410632266,s3-eth3,20128.00,700982.00,721110.00,700982,20128,286.00,463.00,749.00,463,286,0.00,0.00,0,0
1410632266,s3-eth2,8994.00,236184.00,245178.00,236184,8994,123.00,156.00,279.00,156,123,0.00,0.00,0,0
1410632266,eth0,0.00,0.00,0.00,0,0,0.00,0.00,0.00,0,0,0.00,0.00,0,0
1410632266,lo,0.00,0.00,0.00,0,0,0.00,0.00,0.00,0,0,0.00,0.00,0,0
1410632266,s4-eth1,700982.00,20128.00,721110.00,20128,700982,463.00,286.00,749.00,286,463,0.00,0.00,0,0
1410632266,s4-eth3,7062.00,331566.00,338628.00,331566,7062,107.00,219.00,326.00,219,107,0.00,0.00,0,0
1410632266,s4-eth2,13000.00,369416.00,382416.00,369416,13000,178.00,244.00,422.00,244,178,0.00,0.00,0,0
1410632266,s5-eth1,331566.00,7062.00,338628.00,7062,331566,219.00,107.00,326.00,107,219,0.00,0.00,0,0
1410632266,s5-eth2,7062.00,331566.00,338628.00,331566,7062,107.00,219.00,326.00,219,107,0.00,0.00,0,0
1410632266,total,4451928.00,4435472.00,8887400.00,4435472,4451928,4654.00,4646.00,9300.00,4646,4654,0.00,0.00,0,0
1410632267,s1-eth1,1251774.00,27690.00,1279464.00,27690,1251774,827.00,419.00,1246.00,419,827,0.00,0.00,0,0
1410632267,s1-eth3,25578.00,1216952.00,1242530.00,1216952,25578,387.00,804.00,1191.00,804,387,0.00,0.00,0,0
1410632267,s1-eth2,2112.00,92354.00,94466.00,92354,2112,32.00,61.00,93.00,61,32,0.00,0.00,0,0
1410632267,s2-eth1,1216952.00,25578.00,1242530.00,25578,1216952,804.00,387.00,1191.00,387,804,0.00,0.00,0,0
1410632267,s2-eth3,21750.00,1011048.00,1032798.00,1011048,21750,329.00,668.00,997.00,668,329,0.00,0.00,0,0
1410632267,s2-eth2,3894.00,177138.00,181032.00,177138,3894,59.00,117.00,176.00,117,59,0.00,0.00,0,0
1410632267,s3-eth1,1011048.00,21750.00,1032798.00,21750,1011048,668.00,329.00,997.00,329,668,0.00,0.00,0,0
1410632267,s3-eth3,16656.00,767294.00,783950.00,767294,16656,252.00,507.00,759.00,507,252,0.00,0.00,0,0
1410632267,s3-eth2,5016.00,240726.00,245742.00,240726,5016,76.00,159.00,235.00,159,76,0.00,0.00,0,0
1410632267,eth0,0.00,0.00,0.00,0,0,0.00,0.00,0.00,0,0,0.00,0.00,0,0
1410632267,lo,860.00,860.00,1720.00,860,860,15.00,15.00,30.00,15,15,0.00,0.00,0,0
1410632267,s4-eth1,767294.00,16656.00,783950.00,16656,767294,507.00,252.00,759.00,252,507,0.00,0.00,0,0
1410632267,s4-eth3,7722.00,346402.00,354124.00,346402,7722,117.00,229.00,346.00,229,117,0.00,0.00,0,0
1410632267,s4-eth2,8922.00,420892.00,429814.00,420892,8922,135.00,278.00,413.00,278,135,0.00,0.00,0,0
1410632267,s5-eth1,346402.00,7722.00,354124.00,7722,346402,229.00,117.00,346.00,117,229,0.00,0.00,0,0
1410632267,s5-eth2,7722.00,346402.00,354124.00,346402,7722,117.00,229.00,346.00,229,117,0.00,0.00,0,0
1410632267,total,4693702.00,4719464.00,9413166.00,4719464,4693702,4554.00,4571.00,9125.00,4571,4554,0.00,0.00,0,0
1410632268,s1-eth1,1250742.00,37220.00,1287962.00,37220,1250742,827.00,530.00,1357.00,530,827,0.00,0.00,0,0
1410632268,s1-eth3,33942.00,1144762.00,1178704.00,1144762,33942,485.00,757.00,1242.00,757,485,0.00,0.00,0,0
1410632268,s1-eth2,3278.00,84784.00,88062.00,84784,3278,45.00,56.00,101.00,56,45,0.00,0.00,0,0
1410632268,s2-eth1,1144762.00,33942.00,1178704.00,33942,1144762,757.00,485.00,1242.00,485,757,0.00,0.00,0,0
1410632268,s2-eth3,28074.00,972166.00,1000240.00,972166,28074,405.00,643.00,1048.00,643,405,0.00,0.00,0,0
1410632268,s2-eth2,5868.00,169568.00,175436.00,169568,5868,80.00,112.00,192.00,112,80,0.00,0.00,0,0
1410632268,s3-eth1,972166.00,28074.00,1000240.00,28074,972166,643.00,405.00,1048.00,405,643,0.00,0.00,0,0
1410632268,s3-eth3,20454.00,746580.00,767034.00,746580,20454,297.00,494.00,791.00,494,297,0.00,0.00,0,0
1410632268,s3-eth2,7698.00,228614.00,236312.00,228614,7698,109.00,151.00,260.00,151,109,0.00,0.00,0,0
1410632268,eth0,0.00,0.00,0.00,0,0,0.00,0.00,0.00,0,0,0.00,0.00,0,0
1410632268,lo,0.00,0.00,0.00,0,0,0.00,0.00,0.00,0,0,0.00,0.00,0,0
1410632268,s4-eth1,746580.00,20454.00,767034.00,20454,746580,494.00,297.00,791.00,297,494,0.00,0.00,0,0
1410632268,s4-eth3,8184.00,377164.00,385348.00,377164,8184,124.00,250.00,374.00,250,124,0.00,0.00,0,0
1410632268,s4-eth2,12282.00,369416.00,381698.00,369416,12282,173.00,244.00,417.00,244,173,0.00,0.00,0,0
1410632268,s5-eth1,377164.00,8184.00,385348.00,8184,377164,250.00,124.00,374.00,124,250,0.00,0.00,0,0
1410632268,s5-eth2,8184.00,377164.00,385348.00,377164,8184,124.00,250.00,374.00,250,124,0.00,0.00,0,0
1410632268,total,4619378.00,4598092.00,9217470.00,4598092,4619378,4813.00,4798.00,9611.00,4798,4813,0.00,0.00,0,0
1410632269,s1-eth1,1249990.00,28242.00,1278232.00,28242,1249990,827.00,427.00,1254.00,427,827,0.00,0.00,0,0
1410632269,s1-eth3,26184.00,1205388.00,1231572.00,1205388,26184,396.00,798.00,1194.00,798,396,0.00,0.00,0,0
1410632269,s1-eth2,2046.00,92354.00,94400.00,92354,2046,31.00,61.00,92.00,61,31,0